9.277590976348305318e+00 2.373380129582377052e+01
8.078705584078673674e-01 2.521726087829972318e+00
6.149518721128395260e-01 1.782310710246826746e+00
5.857175587709493314e-01 1.639584289483936752e+00
8.963542076468153930e-01 3.004601670996160045e+00
4.905865798341966788e-01 1.349369217073634442e+00
5.089542935836669502e-01 1.389922112228596296e+00
8.917354884734790543e-01 2.686738977127255179e+00
1.096194859685103884e+00 3.420345293484769567e+00
4.867586838457958476e-01 1.383403735007029178e+00
4.354379531382944757e-01 1.227255727987911049e+00
5.404616263418113853e-01 1.645536293667487771e+00
4.989071343469639874e-01 1.636798009254147201e+00
3.863849184138737902e-01 1.105207723207342507e+00
4.209948638696573986e-01 1.219827727089309866e+00
5.196440870950186364e-01 1.631568493420086918e+00
4.366452649631740734e-01 1.330052790016545750e+00
3.444101019751528159e-01 9.415007733415150515e-01
3.526437255891741174e-01 9.875518936824443372e-01
4.003880867189783532e-01 1.201270672887776891e+00
3.562169718214606706e-01 1.080197106720622413e+00
3.456663414902700349e-01 1.007861455859204503e+00
3.715101646816574288e-01 1.134771863741217635e+00
3.914804827024493949e-01 1.207975721031406158e+00
3.453976568177362094e-01 1.040262538124822722e+00
3.162548493519881099e-01 9.335310030919929947e-01
3.228156571317199464e-01 9.532498934832125403e-01
3.230530653319130807e-01 9.459724434692561301e-01
3.061949877253473118e-01 9.072782364802118860e-01
3.008668356809640065e-01 8.701018999645104834e-01
3.274073767462138407e-01 9.955738847078570153e-01
3.051879522826617674e-01 8.973194692402389760e-01
2.835663809049258632e-01 8.509791167454671124e-01
2.772412304546036377e-01 8.195164492326248995e-01
2.858256644764911591e-01 8.508075648315965855e-01
2.680979478219696621e-01 7.740589441634054824e-01
2.614797191862923142e-01 7.574432322785870086e-01
2.657766175936920883e-01 7.640316789362773253e-01
2.709470671665512032e-01 7.792418694031184589e-01
2.522838749563393046e-01 7.199179894431121385e-01
2.474164296975075727e-01 7.152862855869371872e-01
2.557621824379393560e-01 7.455947323339121580e-01
2.424643367540988692e-01 6.963378889626153923e-01
2.348695060382188782e-01 6.779592983611008039e-01
2.302326163342039989e-01 6.544086452653131714e-01
2.406022707826688534e-01 6.998934260508538063e-01
2.321917693927492699e-01 6.919714613413660009e-01
2.139813120429440441e-01 6.152715298824166235e-01
2.238583011739327111e-01 6.602994720210189072e-01
2.295355917175792848e-01 6.864910691626764372e-01
2.222317143979732346e-01 6.645853835067372373e-01
2.118366290977636013e-01 6.160120765762362449e-01
2.128409097955137330e-01 6.367081930235194420e-01
2.065965170599364520e-01 5.940908023230961899e-01
2.028470157806309127e-01 5.787833976811170844e-01
2.046652658704978256e-01 6.040572327713531475e-01
2.044002200947318271e-01 6.019270306853280461e-01
1.984652982578486158e-01 5.761031391226827392e-01
1.911838834942466425e-01 5.577285394110444994e-01
1.944360542771325362e-01 5.645659002550138528e-01
1.952852571360390865e-01 5.688876454824149942e-01
1.904160049175691316e-01 5.444856863088163301e-01
1.882644685200121626e-01 5.540604086084240931e-01
1.896135896964633860e-01 5.693766854379703757e-01
1.593487194716625144e-01 5.398794712261617557e-01
3.354847846573425940e+00 1.374409573676628149e+01
3.406688972850364094e-01 1.328823995391643198e+00
3.552381980389218707e-01 1.032062479455911008e+00
4.914988683292980665e-01 1.593222551606232607e+00
8.717290585810033576e-01 3.654301734437922278e+00
5.503061625851404237e-01 1.482933406080677585e+00
6.561151988758124887e-01 1.728497646566269808e+00
1.316513521730175995e+00 3.874292886401286218e+00
1.670538919636027186e+00 5.154835276382756071e+00
6.651560430459699802e-01 1.778894227564087327e+00
5.656293810694608126e-01 1.463771369843796855e+00
7.086939984062372577e-01 2.074105244648404511e+00
6.500603350794365021e-01 1.830034521118902413e+00
5.036596155971860833e-01 1.301072196814821780e+00
5.748626023723492073e-01 1.618261498400439535e+00
7.075581071519517762e-01 2.079580793856936172e+00
5.867261726097862118e-01 1.665963583383811786e+00
4.702167172692650055e-01 1.269844695759742015e+00
4.534025542453218871e-01 1.207762143862506798e+00
4.839810341405775262e-01 1.328946553866842128e+00
4.310857242758658892e-01 1.161311912586450168e+00
4.235389299874615654e-01 1.157773252819961796e+00
4.307846731893898995e-01 1.207367049586037355e+00
4.385400707392823061e-01 1.204201993100518120e+00
3.944289720146046396e-01 1.023474770269273471e+00
3.652452680670608132e-01 9.420344967865718067e-01
3.860780388700162380e-01 1.045742315799834232e+00
3.803265357815252545e-01 1.002909013317760056e+00
3.573318938545274048e-01 9.198695771655593934e-01
3.546205172785620863e-01 9.264475066447103169e-01
3.607913989720346604e-01 9.738245045550135703e-01
3.479494634687145815e-01 9.153301497584408475e-01
3.265418815210109349e-01 8.683505118300044456e-01
3.278327069468323640e-01 8.506278233819685175e-01
3.363080010420532728e-01 8.968010303061921817e-01
3.221656653698546369e-01 8.467275545183282626e-01
3.098443566038340258e-01 8.169809234993814506e-01
3.092018324611833791e-01 7.879591157697370951e-01
3.101306420355429139e-01 8.071201972240447109e-01
3.061596170820801155e-01 8.196533300643857878e-01
2.856489061204320334e-01 7.427304739442778247e-01
2.856306943866170900e-01 7.122146913010906077e-01
2.852585953760847781e-01 7.279548324925698699e-01
2.744481306925278807e-01 6.926301224402103829e-01
2.667700784937900860e-01 6.658806675781662188e-01
2.596015311075411947e-01 6.430868001779926901e-01
2.581058155057869286e-01 6.603310329923853805e-01
2.537344068178233880e-01 6.569032166848800536e-01
2.638560719988569669e-01 6.744471444979813768e-01
2.593720068642672016e-01 6.573485922347707122e-01
2.490609663970424215e-01 6.289734694175419527e-01
2.414404824317836484e-01 5.936281639843042912e-01
2.377512910567369242e-01 5.662869209025216399e-01
2.292513244257149141e-01 5.534609515403274838e-01
2.336827027676437185e-01 5.616599408936452376e-01
2.344606008978689093e-01 5.857095020918915429e-01
2.288277392501596730e-01 5.853363292939147700e-01
2.291613735917657213e-01 5.955091218827998079e-01
2.206253780679857945e-01 5.458603644455087833e-01
2.241436041714270633e-01 5.571859293417310566e-01
2.181136720608127799e-01 5.410047066415133443e-01
2.188899256186520592e-01 5.385458992912813825e-01
2.124856899771606911e-01 5.016454497627795828e-01
2.204037145995899893e-01 5.397040338667806747e-01
1.712200479074809933e-01 4.671057223052208496e-01
2.485700208598034067e+01 6.664959390066232459e+01
4.048824467865847154e+00 1.669514040869093563e+01
3.127593132704008294e+00 1.306829110726933685e+01
2.718072992953378453e+00 1.084811379118911923e+01
3.135459626491729601e+00 1.058482547032964050e+01
2.080222343124860540e+00 7.936413404509788272e+00
2.020194359525445460e+00 7.442766326439377522e+00
2.642524746849848949e+00 8.759602345376647392e+00
2.830179764333312864e+00 9.618129471192885305e+00
1.795909500555000538e+00 6.091825231720940259e+00
1.733410053741420986e+00 5.819666200776675957e+00
2.022477923065823191e+00 6.269443520826853522e+00
1.876860853024811426e+00 5.966329949404745925e+00
1.506249486919258418e+00 5.015031654882387890e+00
1.569269899057913031e+00 5.059660384285043833e+00
1.788474545735949439e+00 5.493277696755644257e+00
1.488025560303884776e+00 4.733529791949481869e+00
1.303259466121061916e+00 4.135992511151535211e+00
1.303279826436889666e+00 4.084416358989552798e+00
1.447979553492260818e+00 4.475383045508644742e+00
1.226340650626059237e+00 3.801831695645272902e+00
1.156496607026466172e+00 3.579134798309597354e+00
1.125224708697289078e+00 3.478191883709216281e+00
1.166830279332492948e+00 3.583747022077019118e+00
1.084686860499169292e+00 3.367803399664061725e+00
1.010704521186572613e+00 3.160319669573781631e+00
1.029101827011910997e+00 3.174826948392678094e+00
1.016568447657162810e+00 3.101396102867036042e+00
9.524190032824623176e-01 2.902945155341821515e+00
9.128333983964084242e-01 2.729992879880561052e+00
9.277142336001712453e-01 2.763135574260616512e+00
8.890132997297583994e-01 2.676706767422028843e+00
8.558712080763345442e-01 2.642076646776971405e+00
8.161323701308271783e-01 2.528378605592112027e+00
8.374160491577963272e-01 2.623564249491338263e+00
7.644215440388840710e-01 2.402395307310443151e+00
7.306351154212347154e-01 2.268368476706575265e+00
7.250676754286310421e-01 2.246228474535195474e+00
7.277502894829067648e-01 2.280559917316785867e+00
6.930139308549863042e-01 2.193312022415850659e+00
6.543422899566406770e-01 2.105049120211520464e+00
6.573338662211846151e-01 2.059474509402451581e+00
6.327681135109705091e-01 2.022215787237807927e+00
6.218439052873272477e-01 2.042979534352080240e+00
6.029826471927799414e-01 1.932413694101413837e+00
6.010168993956971351e-01 1.949625664451977824e+00
5.901581887265732185e-01 1.921619377003917828e+00
5.577233627842835828e-01 1.852769219336957374e+00
5.556067484688635982e-01 1.843130384017917178e+00
5.677627564026969109e-01 1.884049443288994263e+00
5.458355851767427991e-01 1.835826785625811253e+00
5.295063128434440713e-01 1.816155573917757726e+00
5.266124987380820244e-01 1.750321644765634010e+00
5.153474575595081708e-01 1.658087838771534095e+00
5.082530582508576478e-01 1.625737490183005063e+00
4.964494978316688623e-01 1.659285962205800047e+00
4.958935202651340024e-01 1.646883455297800669e+00
4.972902760897049967e-01 1.626035682281623540e+00
4.701747163505306526e-01 1.515007392681129161e+00
4.645817431755621119e-01 1.493598794950017350e+00
4.681189484785693300e-01 1.512918963908947978e+00
4.503635566938114509e-01 1.418761082258561901e+00
4.514157048620096591e-01 1.453407145342603624e+00
4.532867393165360137e-01 1.446588515010230447e+00
3.706627102573711308e-01 1.307542312981257560e+00
2.570120848875200092e+00 9.941690299612291781e+00
2.748611591095146078e+00 1.026238963698357942e+01
2.778914513027410216e+00 9.278165309559927465e+00
3.320028544799160208e+00 1.016637861837326540e+01
5.711940540360094687e+00 1.693766456305038659e+01
2.634319647875684289e+00 8.293595718644679593e+00
2.473122426563771015e+00 8.155149952080597231e+00
3.186787487836447941e+00 1.054463588437802457e+01
3.499160291571767001e+00 1.144918403650122940e+01
2.223148964673383521e+00 7.486325029936519826e+00
2.166754029056671804e+00 7.158752256660402047e+00
2.725327625386381847e+00 8.808283252432472565e+00
2.411893188582950653e+00 7.858556868407999829e+00
1.823997837081321238e+00 5.971374574529834334e+00
1.902822897252764767e+00 6.326422886039727800e+00
2.344114322920823223e+00 8.136518057828618922e+00
1.957361525604513375e+00 6.619408471921185644e+00
1.585289742203365382e+00 5.219533699939370663e+00
1.566802505345353813e+00 4.958818075336328235e+00
1.692062838388044055e+00 5.443578411037064413e+00
1.431736614288475540e+00 4.685170024123292976e+00
1.316710736459842046e+00 4.303845532722409217e+00
1.352305090196462389e+00 4.530121061192726728e+00
1.384616107289049491e+00 4.597885209901570569e+00
1.218862811894071418e+00 3.995362678550788083e+00
1.116322224175574140e+00 3.688920774871224939e+00
1.083900050121489711e+00 3.444372023468057264e+00
1.090069602757068434e+00 3.505518764854377967e+00
1.037253723872152644e+00 3.543023933532849501e+00
1.019207774883955642e+00 3.536562830148542336e+00
9.857442875160501439e-01 3.301562963740267254e+00
9.298760331301810789e-01 3.171050624885345837e+00
8.969374933679457040e-01 3.116006298681051501e+00
8.598686790931961976e-01 2.951780528380418378e+00
8.307853761556102112e-01 2.755941687787134775e+00
7.744257033167181170e-01 2.601625790699737983e+00
7.637027306548601624e-01 2.573490895491535202e+00
7.656580334862690407e-01 2.590668271019413993e+00
7.722357129800326847e-01 2.650453291000334666e+00
7.207612102988716352e-01 2.484867122612063994e+00
6.907952048073288109e-01 2.368716344684695052e+00
6.690007472619958762e-01 2.303698590024217285e+00
6.283970670301806116e-01 2.153012656308747275e+00
6.023671795704580445e-01 2.127868126585228392e+00
5.807949595329866543e-01 2.079474159634661756e+00
6.079264785907850799e-01 2.191195808583697779e+00
5.746004117929102151e-01 2.136641984603905975e+00
5.368472066002701881e-01 2.006751180766132681e+00
5.237989070346346088e-01 1.992073574413128378e+00
5.109379785023239195e-01 1.978302725755060276e+00
5.087026810863358728e-01 1.930635638657177244e+00
4.723861093067461270e-01 1.741723242806082483e+00
4.764026384286786375e-01 1.771772231445682966e+00
4.657959896641236663e-01 1.698562540259461962e+00
4.552626883194394458e-01 1.644748515086561946e+00
4.359357317184521241e-01 1.637933192635461221e+00
4.483773069990334426e-01 1.696269496201534110e+00
4.368301235212823097e-01 1.739940974427751641e+00
4.405699329490916916e-01 1.757696877553613257e+00
4.337480599497296474e-01 1.743867636280585165e+00
4.172760551067628554e-01 1.648010868775168447e+00
4.158269650338838885e-01 1.602096055399255814e+00
4.094104205278729092e-01 1.565456576920667198e+00
3.889881596338261027e-01 1.457785864519215213e+00
3.006140186627357935e-01 1.147171578638113587e+00
