1 
1  2  3  4  5  -1  -1  8  -1  10  -1  12  -1  14  -1  16  -1  18  -1  -1  21  -1  23  24  -1  26  -1  28  -1  -1  31  -1  33  -1  -1  36  37  -1  39  -1  -1  42  -1  -1  45  46  47  48  -1  -1  -1  52  53  54  -1  -1  -1  -1  59  60  61  -1  -1  -1  65  66  67  -1  69  -1  -1  72  73  -1  75  -1  -1  -1  -1
44  35  20  7  6  -1  -1  9  -1  11  -1  13  -1  15  -1  17  -1  19  -1  -1  22  -1  30  25  -1  27  -1  29  -1  -1  32  -1  34  -1  -1  41  38  -1  40  -1  -1  43  -1  -1  58  51  50  49  -1  -1  -1  57  56  55  -1  -1  -1  -1  64  63  62  -1  -1  -1  78  71  68  -1  70  -1  -1  77  74  -1  76  -1  -1  -1  -1
62.25878143310547  -0.11130800098180771  -0.5180075168609619  -0.9999569654464722  2.953552484512329  -2.0  -2.0  0.659000039100647  -2.0  1.5226895809173584  -2.0  1.5244145393371582  -2.0  46.91395950317383  -2.0  3.520282506942749  -2.0  3.5953164100646973  -2.0  -2.0  -0.5118825435638428  -2.0  3.2619190216064453  -0.20606949925422668  -2.0  1.4946479797363281  -2.0  0.7044999599456787  -2.0  -2.0  3.700173854827881  -2.0  1.5056350231170654  -2.0  -2.0  0.9340405464172363  2.0449419021606445  -2.0  4.602928638458252  -2.0  -2.0  1.5404585599899292  -2.0  -2.0  0.23040400445461273  2.4435596466064453  75.94579315185547  1.0433034896850586  -2.0  -2.0  -2.0  -0.006098002195358276  3.5206639766693115  3.128882884979248  -2.0  -2.0  -2.0  -2.0  1.8383824825286865  1.7120660543441772  64.46002197265625  -2.0  -2.0  -2.0  -0.46292099356651306  9.001263618469238  2.353358030319214  -2.0  87.83268737792969  -2.0  -2.0  2.330284595489502  -0.7697235345840454  -2.0  74.72016143798828  -2.0  -2.0  -2.0  -2.0
0  6  6  6  8  -1  -1  5  -1  4  -1  4  -1  0  -1  8  -1  2  -1  -1  6  -1  2  2  -1  4  -1  5  -1  -1  2  -1  4  -1  -1  6  2  -1  8  -1  -1  2  -1  -1  5  4  0  2  -1  -1  -1  6  4  4  -1  -1  -1  -1  4  2  0  -1  -1  -1  6  8  4  -1  0  -1  -1  4  6  -1  0  -1  -1  -1  -1
1  1  1  1  1  0  1  1  0  1  0  1  1  1  1  1  1  1  0  1  1  1  1  1  1  1  0  1  0  1  1  1  1  0  1  1  1  1  1  0  1  1  0  1  1  1  1  1  0  1  0  1  1  1  0  1  0  1  1  1  1  1  0  1  1  1  1  1  1  0  1  1  1  1  1  1  0  1  1
1 
1  2  3  4  5  6  -1  8  -1  -1  -1  -1  13  14  15  16  -1  -1  -1  -1  -1  22  23  -1  -1  26  27  -1  -1  -1  31  32  33  34  35  36  -1  -1  -1  40  -1  42  -1  -1  -1  46  47  -1  49  -1  51  -1  -1  -1  -1
30  21  12  11  10  7  -1  9  -1  -1  -1  -1  20  19  18  17  -1  -1  -1  -1  -1  25  24  -1  -1  29  28  -1  -1  -1  54  45  44  39  38  37  -1  -1  -1  41  -1  43  -1  -1  -1  53  48  -1  50  -1  52  -1  -1  -1  -1
62.57671356201172  -0.27674850821495056  56.169151306152344  1.7654845714569092  2.307000160217285  1.49618399143219  -2.0  -0.5763075351715088  -2.0  -2.0  -2.0  -2.0  1.9248449802398682  1.0730209350585938  1.0722899436950684  1.7794075012207031  -2.0  -2.0  -2.0  -2.0  -2.0  2.704435348510742  2.438499927520752  -2.0  -2.0  39.541893005371094  3.8884739875793457  -2.0  -2.0  -2.0  -0.44122201204299927  9.090307235717773  1.2615000009536743  4.643817901611328  4.391119480133057  0.30400002002716064  -2.0  -2.0  -2.0  -0.5933089852333069  -2.0  3.128882884979248  -2.0  -2.0  -2.0  0.4912334680557251  3.173285961151123  -2.0  -0.8739989995956421  -2.0  -0.8499070405960083  -2.0  -2.0  -2.0  -2.0
0  6  0  4  5  4  -1  6  -1  -1  -1  -1  4  5  2  4  -1  -1  -1  -1  -1  8  5  -1  -1  0  8  -1  -1  -1  6  8  5  8  8  5  -1  -1  -1  6  -1  4  -1  -1  -1  5  4  -1  6  -1  6  -1  -1  -1  -1
1  1  1  1  1  1  0  1  0  1  1  1  1  1  1  1  1  0  0  1  1  1  1  0  1  1  1  1  0  1  1  1  1  1  1  1  0  1  1  1  0  1  0  1  1  1  1  0  1  1  1  0  1  1  1
1 
1  2  3  4  -1  6  -1  -1  9  -1  11  -1  13  14  -1  16  -1  18  -1  -1  21  22  -1  -1  -1  26  27  -1  -1  30  31  -1  33  -1  -1  -1  37  38  39  40  -1  -1  -1  44  45  46  -1  -1  -1  -1  51  52  53  -1  55  56  -1  -1  -1  60  -1  -1  -1
36  25  8  5  -1  7  -1  -1  10  -1  12  -1  20  15  -1  17  -1  19  -1  -1  24  23  -1  -1  -1  29  28  -1  -1  35  32  -1  34  -1  -1  -1  50  43  42  41  -1  -1  -1  49  48  47  -1  -1  -1  -1  62  59  54  -1  58  57  -1  -1  -1  61  -1  -1  -1
62.25878143310547  1.492977499961853  29.270797729492188  0.8772915005683899  -2.0  3.179788589477539  -2.0  -2.0  1.1636090278625488  -2.0  34.37413024902344  -2.0  1.8564999103546143  1.1658120155334473  -2.0  1.331902027130127  -2.0  -0.2154950052499771  -2.0  -2.0  3.2367939949035645  1.1791390180587769  -2.0  -2.0  -2.0  -0.5693215131759644  1.090000033378601  -2.0  -2.0  -0.46610701084136963  0.4025000035762787  -2.0  -0.47726649045944214  -2.0  -2.0  -2.0  0.24490401148796082  2.4435596466064453  1.7785799503326416  4.289130210876465  -2.0  -2.0  -2.0  8.5782470703125  0.5006304979324341  3.1831369400024414  -2.0  -2.0  -2.0  -2.0  -0.6283509731292725  -0.6519964933395386  12.038763046264648  -2.0  2.067613124847412  -0.9047684669494629  -2.0  -2.0  -2.0  102.9681396484375  -2.0  -2.0  -2.0
0  4  0  4  -1  8  -1  -1  4  -1  0  -1  5  4  -1  4  -1  6  -1  -1  8  4  -1  -1  -1  6  5  -1  -1  6  5  -1  6  -1  -1  -1  5  4  4  8  -1  -1  -1  8  2  4  -1  -1  -1  -1  6  6  8  -1  4  6  -1  -1  -1  0  -1  -1  -1
1  1  1  1  0  1  1  0  1  0  1  1  1  1  1  1  0  1  0  1  1  1  0  1  0  1  1  0  1  1  1  0  1  1  0  1  1  1  1  1  0  1  0  1  1  1  0  1  1  0  1  1  1  1  1  1  1  0  1  1  0  1  1
1 
1  2  3  4  5  6  -1  -1  9  -1  -1  -1  -1  14  15  -1  17  -1  -1  20  21  -1  -1  24  25  -1  -1  28  29  -1  -1  -1  33  34  35  36  -1  -1  -1  40  -1  -1  43  44  45  46  47  48  -1  -1  -1  -1  -1  -1  55  56  57  -1  -1  60  61  -1  -1  -1  65  -1  67  -1  -1
32  13  12  11  8  7  -1  -1  10  -1  -1  -1  -1  19  16  -1  18  -1  -1  23  22  -1  -1  27  26  -1  -1  31  30  -1  -1  -1  42  39  38  37  -1  -1  -1  41  -1  -1  54  53  52  51  50  49  -1  -1  -1  -1  -1  -1  64  59  58  -1  -1  63  62  -1  -1  -1  66  -1  68  -1  -1
60.108219146728516  0.6838060021400452  1.7839999198913574  -0.19134549796581268  0.6190685033798218  1.729170560836792  -2.0  -2.0  0.6333490014076233  -2.0  -2.0  -2.0  -2.0  44.76648712158203  -0.06968700140714645  -2.0  0.22428199648857117  -2.0  -2.0  3.521976947784424  1.5069999694824219  -2.0  -2.0  3.3189969062805176  -0.06493799388408661  -2.0  -2.0  1.612089991569519  3.459249496459961  -2.0  -2.0  -2.0  0.23040400445461273  7.492353439331055  4.643817901611328  0.9336349964141846  -2.0  -2.0  -2.0  0.5835460424423218  -2.0  -2.0  8.672301292419434  8.610126495361328  -0.4409499764442444  -0.4625290036201477  0.8704999685287476  0.553712010383606  -2.0  -2.0  -2.0  -2.0  -2.0  -2.0  2.1014959812164307  2.235072612762451  9.593439102172852  -2.0  -2.0  10.979623794555664  61.232913970947266  -2.0  -2.0  -2.0  13.60832405090332  -2.0  0.5147314667701721  -2.0  -2.0
0  2  5  6  2  4  -1  -1  2  -1  -1  -1  -1  0  6  -1  6  -1  -1  8  5  -1  -1  2  6  -1  -1  4  2  -1  -1  -1  5  8  8  2  -1  -1  -1  2  -1  -1  8  8  6  6  5  2  -1  -1  -1  -1  -1  -1  4  2  8  -1  -1  8  0  -1  -1  -1  8  -1  5  -1  -1
1  1  1  1  1  1  0  1  1  1  0  1  1  1  1  0  1  1  0  1  1  1  0  1  1  0  1  1  1  1  0  1  1  1  1  1  0  1  0  1  0  1  1  1  1  1  1  1  1  0  1  0  1  0  1  1  1  1  0  1  1  1  0  1  1  1  1  0  1
1 
1  2  3  4  5  6  -1  -1  9  -1  11  -1  13  -1  -1  16  17  -1  19  -1  -1  22  23  -1  -1  -1  27  -1  29  -1  31  -1  -1  34  35  -1  -1  38  -1  40  41  -1  -1  -1  45  46  47  48  49  -1  51  -1  -1  54  -1  56  -1  -1  -1  -1  61  62  63  64  -1  -1  -1  68  -1  -1  71  72  -1  -1  -1
44  33  26  15  8  7  -1  -1  10  -1  12  -1  14  -1  -1  21  18  -1  20  -1  -1  25  24  -1  -1  -1  28  -1  30  -1  32  -1  -1  37  36  -1  -1  39  -1  43  42  -1  -1  -1  60  59  58  53  50  -1  52  -1  -1  55  -1  57  -1  -1  -1  -1  70  67  66  65  -1  -1  -1  69  -1  -1  74  73  -1  -1  -1
62.25878143310547  -0.12754949927330017  11.239602088928223  -0.5044094920158386  -0.9968284964561462  2.058000087738037  -2.0  -2.0  8.155377388000488  -2.0  1.1385209560394287  -2.0  2.178844928741455  -2.0  -2.0  1.5036990642547607  -0.20933200418949127  -2.0  1.9528095722198486  -2.0  -2.0  -0.4818724989891052  -0.49309349060058594  -2.0  -2.0  -2.0  -0.9263215065002441  -2.0  0.8503345251083374  -2.0  11.995153427124023  -2.0  -2.0  2.585437774658203  2.514298915863037  -2.0  -2.0  0.35106098651885986  -2.0  4.240688323974609  3.245321035385132  -2.0  -2.0  -2.0  0.9879299998283386  -0.44122201204299927  10.77408504486084  0.248493492603302  -0.5933089852333069  -2.0  118.83618927001953  -2.0  -2.0  0.42400747537612915  -2.0  6.666337490081787  -2.0  -2.0  -2.0  -2.0  0.4467334747314453  0.3842315077781677  2.3118319511413574  75.94579315185547  -2.0  -2.0  -2.0  9.924179077148438  -2.0  -2.0  -0.8099299669265747  0.7300000190734863  -2.0  -2.0  -2.0
0  6  8  6  6  5  -1  -1  8  -1  5  -1  2  -1  -1  4  6  -1  2  -1  -1  6  6  -1  -1  -1  6  -1  5  -1  8  -1  -1  8  8  -1  -1  6  -1  8  8  -1  -1  -1  2  6  8  5  6  -1  0  -1  -1  5  -1  8  -1  -1  -1  -1  5  5  4  0  -1  -1  -1  8  -1  -1  6  5  -1  -1  -1
1  1  1  1  1  1  0  1  1  0  1  0  1  1  0  1  1  0  1  0  1  1  1  1  0  1  1  1  1  0  1  1  0  1  1  1  0  1  1  1  1  1  0  1  1  1  1  1  1  0  1  0  1  1  1  1  0  1  1  1  1  1  1  1  1  0  1  1  1  0  1  1  0  1  1
1 
1  2  3  4  -1  -1  7  8  -1  -1  11  -1  13  14  15  -1  17  -1  -1  -1  -1  22  23  24  -1  -1  -1  28  -1  30  -1  32  -1  -1  35  36  -1  38  39  40  -1  42  -1  44  -1  -1  -1  -1  -1
34  21  6  5  -1  -1  10  9  -1  -1  12  -1  20  19  16  -1  18  -1  -1  -1  -1  27  26  25  -1  -1  -1  29  -1  31  -1  33  -1  -1  48  37  -1  47  46  41  -1  43  -1  45  -1  -1  -1  -1  -1
6.895364761352539  -0.20933200418949127  59.376251220703125  2.307000160217285  -2.0  -2.0  0.11662550270557404  -0.5089834928512573  -2.0  -2.0  3.5347914695739746  -2.0  79.94085693359375  73.81478118896484  6.502505302429199  -2.0  -0.6428315043449402  -2.0  -2.0  -2.0  -2.0  2.025041103363037  1.1136884689331055  1.6265000104904175  -2.0  -2.0  -2.0  1.13100004196167  -2.0  -0.1768909990787506  -2.0  40.754676818847656  -2.0  -2.0  -0.4284610152244568  1.5446414947509766  -2.0  2.330284595489502  1.0730209350585938  1.5929244756698608  -2.0  64.46151733398438  -2.0  2.549745559692383  -2.0  -2.0  -2.0  -2.0  -2.0
8  6  0  5  -1  -1  2  6  -1  -1  8  -1  0  0  8  -1  6  -1  -1  -1  -1  2  4  5  -1  -1  -1  5  -1  6  -1  0  -1  -1  6  4  -1  4  5  4  -1  0  -1  2  -1  -1  -1  -1  -1
1  1  1  1  0  1  1  1  0  1  1  1  1  1  1  0  1  0  1  1  0  1  1  1  1  0  1  1  0  1  1  1  0  1  1  1  0  1  1  1  1  1  0  1  0  1  1  1  1
1 
1  2  3  -1  5  6  -1  8  9  -1  -1  12  -1  14  -1  -1  17  18  -1  -1  21  22  -1  24  -1  26  -1  -1  -1  30  31  -1  -1  -1  35  36  37  -1  -1  40  41  42  -1  44  -1  -1  47  -1  49  -1  -1  52  53  54  55  -1  -1  -1  -1  60  -1  -1  -1
34  29  4  -1  16  7  -1  11  10  -1  -1  13  -1  15  -1  -1  20  19  -1  -1  28  23  -1  25  -1  27  -1  -1  -1  33  32  -1  -1  -1  62  39  38  -1  -1  51  46  43  -1  45  -1  -1  48  -1  50  -1  -1  59  58  57  56  -1  -1  -1  -1  61  -1  -1  -1
6.895364761352539  -0.11913450062274933  3.178318977355957  -2.0  -0.5688754916191101  60.221656799316406  -2.0  -0.8301265239715576  0.2594040036201477  -2.0  -2.0  0.45199349522590637  -2.0  61.76689910888672  -2.0  -2.0  0.9862854480743408  80.55061340332031  -2.0  -2.0  1.3626835346221924  -0.46679848432540894  -2.0  0.696007490158081  -2.0  46.31617736816406  -2.0  -2.0  -2.0  1.1136884689331055  0.465536504983902  -2.0  -2.0  -2.0  -0.48079800605773926  -0.9252699613571167  8.394231796264648  -2.0  -2.0  2.29366397857666  11.067239761352539  1.7782535552978516  -2.0  1.8527129888534546  -2.0  -2.0  64.39872741699219  -2.0  2.4520905017852783  -2.0  -2.0  136.35067749023438  10.471501350402832  91.680419921875  81.00425720214844  -2.0  -2.0  -2.0  -2.0  4.352569103240967  -2.0  -2.0  -2.0
8  6  8  -1  6  0  -1  6  5  -1  -1  5  -1  0  -1  -1  2  0  -1  -1  2  6  -1  5  -1  0  -1  -1  -1  4  2  -1  -1  -1  6  6  8  -1  -1  4  8  4  -1  4  -1  -1  0  -1  2  -1  -1  0  8  0  0  -1  -1  -1  -1  4  -1  -1  -1
1  1  1  0  1  1  0  1  1  0  1  1  0  1  1  0  1  1  1  0  1  1  1  1  0  1  0  1  0  1  1  1  0  1  1  1  1  0  1  1  1  1  0  1  1  0  1  0  1  0  1  1  1  1  1  1  0  1  1  1  0  1  1
1 
1  2  3  4  -1  6  7  -1  -1  -1  11  12  13  14  15  -1  -1  -1  -1  -1  21  22  -1  24  -1  26  -1  -1  -1  -1  31  32  33  -1  35  -1  -1  -1  39  40  -1  -1  43  44  -1  46  -1  -1  -1
30  29  10  5  -1  9  8  -1  -1  -1  20  19  18  17  16  -1  -1  -1  -1  -1  28  23  -1  25  -1  27  -1  -1  -1  -1  38  37  34  -1  36  -1  -1  -1  42  41  -1  -1  48  45  -1  47  -1  -1  -1
1.834623098373413  2.1575000286102295  1.2616894245147705  -0.08669350296258926  -2.0  3.1577134132385254  1.527500033378601  -2.0  -2.0  -2.0  -0.5044094920158386  1.5974475145339966  1.5784320831298828  42.43205642700195  1.4758319854736328  -2.0  -2.0  -2.0  -2.0  -2.0  -0.4394640028476715  1.674147605895996  -2.0  -0.46014249324798584  -2.0  4.938007354736328  -2.0  -2.0  -2.0  -2.0  0.23999349772930145  -0.293581485748291  8.313095092773438  -2.0  0.5835460424423218  -2.0  -2.0  -2.0  0.41373151540756226  0.39973151683807373  -2.0  -2.0  -0.5910179615020752  -0.705502986907959  -2.0  0.9996790289878845  -2.0  -2.0  -2.0
4  5  4  6  -1  8  5  -1  -1  -1  6  4  4  0  4  -1  -1  -1  -1  -1  6  4  -1  6  -1  8  -1  -1  -1  -1  5  6  8  -1  2  -1  -1  -1  5  5  -1  -1  6  6  -1  2  -1  -1  -1
1  1  1  1  0  1  1  1  0  0  1  1  1  1  1  0  1  0  1  0  1  1  0  1  1  1  1  0  1  1  1  1  1  0  1  0  1  1  1  1  1  0  1  1  1  1  1  0  1
1 
1  2  3  4  5  -1  -1  -1  9  -1  11  -1  13  -1  -1  16  17  18  -1  20  -1  -1  23  -1  25  -1  -1  -1  29  30  -1  32  -1  -1  35  36  37  38  -1  40  -1  42  -1  -1  45  -1  -1  48  49  50  51  -1  -1  -1  55  -1  -1  -1  59  60  -1  -1  -1
28  15  8  7  6  -1  -1  -1  10  -1  12  -1  14  -1  -1  27  22  19  -1  21  -1  -1  24  -1  26  -1  -1  -1  34  31  -1  33  -1  -1  58  47  44  39  -1  41  -1  43  -1  -1  46  -1  -1  57  54  53  52  -1  -1  -1  56  -1  -1  -1  62  61  -1  -1  -1
58.62359619140625  1.3097214698791504  -0.11371749639511108  0.587427020072937  1.2523324489593506  -2.0  -2.0  -2.0  32.736045837402344  -2.0  2.702207088470459  -2.0  0.22428199648857117  -2.0  -2.0  -0.4325709939002991  1.6668670177459717  -0.5664880275726318  -2.0  -0.5434280037879944  -2.0  -2.0  1.6862235069274902  -2.0  -0.7339475154876709  -2.0  -2.0  -2.0  0.552762508392334  0.248493492603302  -2.0  1.7275540828704834  -2.0  -2.0  0.7265000343322754  2.1393814086914062  0.6890000104904175  73.18025207519531  -2.0  0.10635849833488464  -2.0  -0.5270224809646606  -2.0  -2.0  1.9169034957885742  -2.0  -2.0  2.6606810092926025  90.40670776367188  83.94647216796875  83.02056884765625  -2.0  -2.0  -2.0  94.09304809570312  -2.0  -2.0  -2.0  1.8143489360809326  6.445793628692627  -2.0  -2.0  -2.0
0  4  6  2  4  -1  -1  -1  0  -1  8  -1  6  -1  -1  6  4  6  -1  6  -1  -1  4  -1  6  -1  -1  -1  2  5  -1  4  -1  -1  5  4  5  0  -1  5  -1  6  -1  -1  4  -1  -1  4  0  0  0  -1  -1  -1  0  -1  -1  -1  4  8  -1  -1  -1
1  1  1  1  1  0  1  0  1  1  1  0  1  1  0  1  1  1  0  1  1  0  1  1  1  0  1  1  1  1  0  1  0  1  1  1  1  1  0  1  0  1  0  1  1  1  0  1  1  1  1  1  0  1  1  0  1  1  1  1  0  1  1
1 
1  2  3  4  -1  -1  7  8  9  -1  11  12  -1  14  15  -1  -1  -1  19  -1  -1  -1  23  -1  -1  26  27  -1  29  -1  -1  32  33  34  -1  -1  37  -1  39  -1  -1  -1  43  44  45  46  -1  -1  49  50  -1  -1  -1  -1  55  56  -1  -1  59  60  -1  -1  -1
42  25  6  5  -1  -1  22  21  10  -1  18  13  -1  17  16  -1  -1  -1  20  -1  -1  -1  24  -1  -1  31  28  -1  30  -1  -1  41  36  35  -1  -1  38  -1  40  -1  -1  -1  54  53  48  47  -1  -1  52  51  -1  -1  -1  -1  58  57  -1  -1  62  61  -1  -1  -1
2.0970749855041504  1.090000033378601  28.765060424804688  4.564378261566162  -2.0  -2.0  -0.11913450062274933  4.514571189880371  51.365806579589844  -2.0  0.6418725252151489  -0.5154280066490173  -2.0  0.9708999991416931  62.888427734375  -2.0  -2.0  -2.0  0.9595000147819519  -2.0  -2.0  -2.0  1.101212978363037  -2.0  -2.0  2.8044633865356445  1.6859140396118164  -2.0  1.2014520168304443  -2.0  -2.0  1.4493509531021118  3.001718044281006  1.4919999837875366  -2.0  -2.0  44.95684814453125  -2.0  1.3687399625778198  -2.0  -2.0  -2.0  6.6201090812683105  6.269955635070801  2.320876121520996  0.786421000957489  -2.0  -2.0  0.018615499138832092  0.13352802395820618  -2.0  -2.0  -2.0  -2.0  0.21224001049995422  8.369535446166992  -2.0  -2.0  -0.6421214938163757  -0.6519964933395386  -2.0  -2.0  -2.0
4  5  0  8  -1  -1  6  8  0  -1  5  6  -1  2  0  -1  -1  -1  5  -1  -1  -1  4  -1  -1  8  5  -1  4  -1  -1  4  8  5  -1  -1  0  -1  4  -1  -1  -1  8  8  4  2  -1  -1  2  6  -1  -1  -1  -1  5  8  -1  -1  6  6  -1  -1  -1
1  1  1  1  1  0  1  1  1  0  1  1  0  1  1  1  0  0  1  1  0  0  1  0  1  1  1  0  1  0  1  1  1  1  0  1  1  0  1  1  0  1  1  1  1  1  1  0  1  1  0  1  1  0  1  1  1  0  1  1  1  0  1
