2.35137525716
1  -1  -1
2  -1  -1
1.5243499279022217  -2.0  -2.0
0  -1  -1
1  0  0
0.460341718334
1  -1  -1
2  -1  -1
1.019200086593628  -2.0  -2.0
0  -1  -1
1  0  0
0.72978131374
1  -1  -1
2  -1  -1
1.019200086593628  -2.0  -2.0
0  -1  -1
1  0  0
0.617879414041
1  -1  -1
2  -1  -1
2.6398000717163086  -2.0  -2.0
0  -1  -1
1  0  0
0.811266405064
1  -1  -1
2  -1  -1
1.019200086593628  -2.0  -2.0
0  -1  -1
1  0  0
0.547231019482
1  -1  -1
2  -1  -1
1.019200086593628  -2.0  -2.0
0  -1  -1
1  0  0
0.427860262306
1  -1  -1
2  -1  -1
4.031700134277344  -2.0  -2.0
0  -1  -1
1  0  0
0.397692340235
1  -1  -1
2  -1  -1
4.031700134277344  -2.0  -2.0
0  -1  -1
1  0  0
0.331123942839
1  -1  -1
2  -1  -1
1.019200086593628  -2.0  -2.0
0  -1  -1
1  0  0
0.376441771554
1  -1  -1
2  -1  -1
1.019200086593628  -2.0  -2.0
0  -1  -1
1  0  0
0.68505799519
1  -1  -1
2  -1  -1
2.1364500522613525  -2.0  -2.0
0  -1  -1
1  0  0
0.752670952056
1  -1  -1
2  -1  -1
2.1533498764038086  -2.0  -2.0
0  -1  -1
1  0  0
0.655837733794
1  -1  -1
2  -1  -1
2.6398000717163086  -2.0  -2.0
0  -1  -1
1  0  0
0.342006352235
1  -1  -1
2  -1  -1
1.019200086593628  -2.0  -2.0
0  -1  -1
1  0  0
0.437671657868
1  -1  -1
2  -1  -1
1.019200086593628  -2.0  -2.0
0  -1  -1
1  0  0
0.358245173111
1  -1  -1
2  -1  -1
1.019200086593628  -2.0  -2.0
0  -1  -1
1  0  0
0.303404545101
1  -1  -1
2  -1  -1
1.019200086593628  -2.0  -2.0
0  -1  -1
1  0  0
0.26320875233
1  -1  -1
2  -1  -1
4.031700134277344  -2.0  -2.0
0  -1  -1
1  0  0
0.29989152077
1  -1  -1
2  -1  -1
4.031700134277344  -2.0  -2.0
0  -1  -1
1  0  0
0.260565718663
1  -1  -1
2  -1  -1
1.019200086593628  -2.0  -2.0
0  -1  -1
1  0  0
0.241872921937
1  -1  -1
2  -1  -1
1.019200086593628  -2.0  -2.0
0  -1  -1
1  0  0
0.215676219058
1  -1  -1
2  -1  -1
4.031700134277344  -2.0  -2.0
0  -1  -1
1  0  0
0.236570180873
1  -1  -1
2  -1  -1
4.031700134277344  -2.0  -2.0
0  -1  -1
1  0  0
0.485085743712
1  -1  -1
2  -1  -1
1.4753000736236572  -2.0  -2.0
0  -1  -1
1  0  0
0.597792525722
1  -1  -1
2  -1  -1
2.1533498764038086  -2.0  -2.0
0  -1  -1
1  0  0
0.581024162195
1  -1  -1
2  -1  -1
2.1364500522613525  -2.0  -2.0
0  -1  -1
1  0  0
0.617737786296
1  -1  -1
2  -1  -1
1.019200086593628  -2.0  -2.0
0  -1  -1
1  0  0
0.241045394234
1  -1  -1
2  -1  -1
4.031700134277344  -2.0  -2.0
0  -1  -1
1  0  0
0.239418271412
1  -1  -1
2  -1  -1
4.031700134277344  -2.0  -2.0
0  -1  -1
1  0  0
0.524426681284
1  -1  -1
2  -1  -1
2.6911001205444336  -2.0  -2.0
0  -1  -1
1  0  0
0.413915406191
1  -1  -1
2  -1  -1
4.031700134277344  -2.0  -2.0
0  -1  -1
1  0  0
0.353145439803
1  -1  -1
2  -1  -1
2.6398000717163086  -2.0  -2.0
0  -1  -1
1  0  0
0.559705755341
1  -1  -1
2  -1  -1
2.1533498764038086  -2.0  -2.0
0  -1  -1
1  0  0
0.435371953366
1  -1  -1
2  -1  -1
2.6398000717163086  -2.0  -2.0
0  -1  -1
1  0  0
0.689738442409
1  -1  -1
2  -1  -1
2.6911001205444336  -2.0  -2.0
0  -1  -1
1  0  0
0.310870814692
1  -1  -1
2  -1  -1
4.031700134277344  -2.0  -2.0
0  -1  -1
1  0  0
0.564687747693
1  -1  -1
2  -1  -1
2.1364500522613525  -2.0  -2.0
0  -1  -1
1  0  0
0.234189842292
1  -1  -1
2  -1  -1
1.019200086593628  -2.0  -2.0
0  -1  -1
1  0  0
0.326025684269
1  -1  -1
2  -1  -1
1.019200086593628  -2.0  -2.0
0  -1  -1
1  0  0
0.521590273902
1  -1  -1
2  -1  -1
2.1533498764038086  -2.0  -2.0
0  -1  -1
1  0  0
0.500409197879
1  -1  -1
2  -1  -1
2.6398000717163086  -2.0  -2.0
0  -1  -1
1  0  0
0.427849420077
1  -1  -1
2  -1  -1
1.019200086593628  -2.0  -2.0
0  -1  -1
1  0  0
0.243745520388
1  -1  -1
2  -1  -1
1.019200086593628  -2.0  -2.0
0  -1  -1
1  0  0
0.217162392312
1  -1  -1
2  -1  -1
4.031700134277344  -2.0  -2.0
0  -1  -1
1  0  0
0.228687347847
1  -1  -1
2  -1  -1
4.031700134277344  -2.0  -2.0
0  -1  -1
1  0  0
0.20513914187
1  -1  -1
2  -1  -1
1.019200086593628  -2.0  -2.0
0  -1  -1
1  0  0
0.20052111084
1  -1  -1
2  -1  -1
1.019200086593628  -2.0  -2.0
0  -1  -1
1  0  0
0.453189472118
1  -1  -1
2  -1  -1
1.4753000736236572  -2.0  -2.0
0  -1  -1
1  0  0
0.584795066932
1  -1  -1
2  -1  -1
1.5243499279022217  -2.0  -2.0
0  -1  -1
1  0  0
0.450234509633
1  -1  -1
2  -1  -1
1.4753000736236572  -2.0  -2.0
0  -1  -1
1  0  0
