1.33500106673
1  -1  -1
2  -1  -1
7.5  -1  -1
0  -1  -1
-1  0  1
0.773189888233
1  -1  -1
2  -1  -1
28.5  -1  -1
0  -1  -1
-1  0  0
1.12962252541
1  -1  -1
2  -1  -1
28.5  -1  -1
0  -1  -1
-1  1  1
0.704619581722
1  -1  -1
2  -1  -1
7.5  -1  -1
0  -1  -1
-1  0  0
0.875587499177
1  -1  -1
2  -1  -1
7.5  -1  -1
0  -1  -1
-1  0  1
0.600827942725
1  -1  -1
2  -1  -1
28.5  -1  -1
0  -1  -1
-1  0  0
0.691963170508
1  -1  -1
2  -1  -1
28.5  -1  -1
0  -1  -1
-1  1  0
0.510193827635
1  -1  -1
2  -1  -1
7.5  -1  -1
0  -1  -1
-1  0  0
0.5555314191928589
1  -1  -1
2  -1  -1
7.5  -1  -1
0  -1  -1
-1  0  1
0.43286745820204164
1  -1  -1
2  -1  -1
28.5  -1  -1
0  -1  -1
-1  0  0
