1 
1  2  3  4  -1  -1  7  8  9  -1  -1  12  13  14  -1  -1  -1  -1  19  -1  -1  22  23  -1  25  -1  -1  28  29  30  31  32  33  34  35  36  -1  -1  39  -1  41  -1  -1  44  45  -1  47  -1  -1  -1  51  -1  -1  -1  -1  -1  57  58  -1  60  -1  -1  63  -1  -1  -1  67  68  69  70  71  -1  73  -1  75  76  -1  -1  -1  80  -1  -1  83  84  -1  -1  87  -1  89  90  -1  -1  -1  -1  95  -1  97  98  -1  100  -1  102  -1  104  -1  106  -1  -1  109  110  -1  -1  -1
66  21  6  5  -1  -1  18  11  10  -1  -1  17  16  15  -1  -1  -1  -1  20  -1  -1  27  24  -1  26  -1  -1  65  56  55  54  53  50  43  38  37  -1  -1  40  -1  42  -1  -1  49  46  -1  48  -1  -1  -1  52  -1  -1  -1  -1  -1  62  59  -1  61  -1  -1  64  -1  -1  -1  94  93  82  79  72  -1  74  -1  78  77  -1  -1  -1  81  -1  -1  86  85  -1  -1  88  -1  92  91  -1  -1  -1  -1  96  -1  108  99  -1  101  -1  103  -1  105  -1  107  -1  -1  112  111  -1  -1  -1
38.77545166015625  9.081884384155273  1.1684550046920776  0.6965000033378601  -2.0  -2.0  0.8138055205345154  -0.4684774875640869  0.1585409939289093  -2.0  -2.0  1.3075950145721436  0.7071049809455872  7.5560150146484375  -2.0  -2.0  -2.0  -2.0  0.8345540165901184  -2.0  -2.0  9.36029052734375  0.14457198977470398  -2.0  1.219499945640564  -2.0  -2.0  0.411375492811203  1.5983750820159912  0.08855964988470078  20.876251220703125  19.98455047607422  0.08083200454711914  0.6625000238418579  0.6100000143051147  1.4957900047302246  -2.0  -2.0  1.7071049213409424  -2.0  4.535534858703613  -2.0  -2.0  0.058059997856616974  10.65060043334961  -2.0  17.10015106201172  -2.0  -2.0  -2.0  0.7949999570846558  -2.0  -2.0  -2.0  -2.0  -2.0  0.08935429900884628  13.134699821472168  -2.0  14.189149856567383  -2.0  -2.0  0.8461949825286865  -2.0  -2.0  -2.0  11.467050552368164  5.911834716796875  28.4153995513916  7.793704986572266  0.12166400253772736  -2.0  0.12588250637054443  -2.0  0.5475000143051147  0.4375  -2.0  -2.0  -2.0  41.20069885253906  -2.0  -2.0  1.421180009841919  0.1018262505531311  -2.0  -2.0  3.7325000762939453  -2.0  0.2914782166481018  161.29299926757812  -2.0  -2.0  -2.0  -2.0  0.6614999771118164  -2.0  0.5129289627075195  50.76679992675781  -2.0  1.759005069732666  -2.0  13.93690013885498  -2.0  0.4534764885902405  -2.0  0.145563006401062  -2.0  -2.0  3.381269931793213  5.521004676818848  -2.0  -2.0  -2.0
1  0  14  5  -1  -1  6  6  4  -1  -1  14  9  0  -1  -1  -1  -1  6  -1  -1  0  6  -1  5  -1  -1  4  14  3  1  1  3  5  5  14  -1  -1  9  -1  9  -1  -1  3  0  -1  1  -1  -1  -1  5  -1  -1  -1  -1  -1  6  0  -1  0  -1  -1  6  -1  -1  -1  0  14  9  0  3  -1  3  -1  5  5  -1  -1  -1  1  -1  -1  14  3  -1  -1  5  -1  6  1  -1  -1  -1  -1  5  -1  4  1  -1  14  -1  0  -1  4  -1  3  -1  -1  14  9  -1  -1  -1
1  1  1  1  1  0  1  1  1  1  0  1  1  1  0  1  0  0  1  1  0  1  1  1  1  0  1  1  1  1  1  1  1  1  1  1  1  0  1  0  1  1  0  1  1  1  1  1  0  1  1  0  1  0  1  1  1  1  0  1  1  0  1  1  0  1  1  1  1  1  1  0  1  1  1  1  0  1  0  1  1  0  1  1  0  1  1  0  1  1  1  0  0  1  1  0  1  1  1  1  0  1  1  1  1  1  0  1  1  1  1  0  1
1 
1  2  3  4  -1  6  7  -1  -1  -1  -1  12  -1  14  15  16  -1  18  19  -1  -1  -1  -1  24  -1  -1  27  28  29  30  31  32  -1  -1  35  -1  37  -1  -1  40  -1  -1  43  -1  45  46  47  48  -1  50  -1  -1  53  -1  -1  56  57  -1  -1  60  61  62  -1  -1  -1  66  67  -1  -1  -1  71  -1  73  -1  -1  76  77  -1  79  -1  -1  -1  83  84  -1  86  -1  88  89  -1  91  92  93  -1  -1  96  -1  98  99  -1  -1  -1  -1  -1  105  106  107  -1  -1  110  111  112  -1  -1  -1  116  -1  118  -1  -1  121  122  -1  -1  -1
26  11  10  5  -1  9  8  -1  -1  -1  -1  13  -1  23  22  17  -1  21  20  -1  -1  -1  -1  25  -1  -1  82  75  42  39  34  33  -1  -1  36  -1  38  -1  -1  41  -1  -1  44  -1  70  55  52  49  -1  51  -1  -1  54  -1  -1  59  58  -1  -1  65  64  63  -1  -1  -1  69  68  -1  -1  -1  72  -1  74  -1  -1  81  78  -1  80  -1  -1  -1  104  85  -1  87  -1  103  90  -1  102  95  94  -1  -1  97  -1  101  100  -1  -1  -1  -1  -1  120  109  108  -1  -1  115  114  113  -1  -1  -1  117  -1  119  -1  -1  124  123  -1  -1  -1
-0.8153859972953796  0.5329999923706055  16.78714942932129  9.280935287475586  -2.0  1.403635025024414  8.91489028930664  -2.0  -2.0  -2.0  -2.0  6.887825012207031  -2.0  14.815450668334961  0.9214999675750732  -0.9823514819145203  -2.0  0.3396790027618408  22.52629852294922  -2.0  -2.0  -2.0  -2.0  1.6023950576782227  -2.0  -2.0  1.4140650033950806  33.90964889526367  8.810205459594727  8.235685348510742  0.29500001668930054  6.705134868621826  -2.0  -2.0  7.415715217590332  -2.0  1.180690050125122  -2.0  -2.0  0.26628100872039795  -2.0  -2.0  -0.751618504524231  -2.0  10.5  0.058059997856616974  10.89229965209961  0.8910000324249268  -2.0  -0.5580480098724365  -2.0  -2.0  11.288849830627441  -2.0  -2.0  0.7039999961853027  0.0741051509976387  -2.0  -2.0  0.28711748123168945  1.2144999504089355  9.485904693603516  -2.0  -2.0  -2.0  -0.6023030281066895  1.2095000743865967  -2.0  -2.0  -2.0  -0.2129639983177185  -2.0  10.54084587097168  -2.0  -2.0  0.22162850201129913  74.69134521484375  -2.0  0.10102769732475281  -2.0  -2.0  -2.0  10.811300277709961  0.07257580012083054  -2.0  2.6389598846435547  -2.0  719.3544921875  0.0741206482052803  -2.0  0.9429104924201965  -0.6901195049285889  6.851665496826172  -2.0  -2.0  0.6365990042686462  -2.0  16.758800506591797  6.801085472106934  -2.0  -2.0  -2.0  -2.0  -2.0  0.1599690020084381  1.875765085220337  0.5605000257492065  -2.0  -2.0  0.4293069839477539  31.845001220703125  0.1562335044145584  -2.0  -2.0  -2.0  13.601949691772461  -2.0  0.7071049809455872  -2.0  -2.0  2.3980298042297363  0.14940999448299408  -2.0  -2.0  -2.0
6  5  1  0  -1  14  1  -1  -1  -1  -1  0  -1  9  5  6  -1  4  1  -1  -1  -1  -1  14  -1  -1  14  1  0  0  5  1  -1  -1  0  -1  14  -1  -1  4  -1  -1  6  -1  9  3  0  5  -1  6  -1  -1  0  -1  -1  5  3  -1  -1  4  5  0  -1  -1  -1  6  5  -1  -1  -1  6  -1  0  -1  -1  4  1  -1  3  -1  -1  -1  0  3  -1  9  -1  1  3  -1  6  6  0  -1  -1  6  -1  1  0  -1  -1  -1  -1  -1  6  14  5  -1  -1  4  1  3  -1  -1  -1  0  -1  9  -1  -1  14  3  -1  -1  -1
1  1  1  1  0  1  1  1  0  1  0  1  0  1  1  1  1  1  1  1  0  1  1  1  1  0  1  1  1  1  1  1  1  0  1  0  1  1  0  1  1  0  1  0  1  1  1  1  1  1  0  1  1  0  1  1  1  1  0  1  1  1  0  1  1  1  1  1  0  1  1  0  1  0  1  1  1  0  1  0  1  1  1  1  0  1  0  1  1  1  1  1  1  0  1  1  0  1  1  0  1  0  1  1  1  1  1  0  1  1  1  1  0  1  0  1  1  1  1  0  1  1  1  0  0
1 
1  2  -1  4  5  6  -1  -1  -1  10  -1  12  -1  -1  15  16  17  18  19  -1  21  22  -1  -1  -1  26  27  28  -1  -1  31  32  33  -1  -1  36  37  -1  -1  -1  -1  42  -1  -1  45  46  -1  -1  -1  50  -1  -1  53  54  55  56  57  -1  59  60  -1  62  -1  -1  65  66  -1  68  -1  -1  71  72  73  74  75  -1  -1  -1  -1  -1  -1  82  -1  84  -1  -1  87  88  89  -1  -1  92  -1  -1  95  96  -1  -1  99  100  101  -1  103  -1  -1  106  -1  -1  -1  110  -1  112  113  114  -1  -1  -1  118  -1  120  -1  122  -1  -1  -1
14  3  -1  9  8  7  -1  -1  -1  11  -1  13  -1  -1  52  49  44  25  20  -1  24  23  -1  -1  -1  41  30  29  -1  -1  40  35  34  -1  -1  39  38  -1  -1  -1  -1  43  -1  -1  48  47  -1  -1  -1  51  -1  -1  124  109  86  81  58  -1  64  61  -1  63  -1  -1  70  67  -1  69  -1  -1  80  79  78  77  76  -1  -1  -1  -1  -1  -1  83  -1  85  -1  -1  94  91  90  -1  -1  93  -1  -1  98  97  -1  -1  108  105  102  -1  104  -1  -1  107  -1  -1  -1  111  -1  117  116  115  -1  -1  -1  119  -1  121  -1  123  -1  -1  -1
-0.8496775031089783  8.77553939819336  -2.0  2.115609884262085  10.530200004577637  10.111539840698242  -2.0  -2.0  -2.0  0.6729999780654907  -2.0  1.3394999504089355  -2.0  -2.0  8.289125442504883  3.7109999656677246  27.26715087890625  0.0826513022184372  0.07338419556617737  -2.0  4.80710506439209  -0.2905755043029785  -2.0  -2.0  -2.0  8.124519348144531  0.5  9.885310173034668  -2.0  -2.0  719.3544921875  15.074549674987793  0.20621420443058014  -2.0  -2.0  0.4440000057220459  0.42900002002716064  -2.0  -2.0  -2.0  -2.0  8.203279495239258  -2.0  -2.0  5.140210151672363  0.11545275151729584  -2.0  -2.0  -2.0  0.057350195944309235  -2.0  -2.0  0.211263507604599  32.03620147705078  1.4619450569152832  10.598999977111816  0.07306060194969177  -2.0  0.7304999828338623  1.3859350681304932  -2.0  11.167640686035156  -2.0  -2.0  15.73134994506836  0.0025779493153095245  -2.0  0.38042646646499634  -2.0  -2.0  0.3593519926071167  0.3580229878425598  10.905750274658203  22.94659996032715  10.82550048828125  -2.0  -2.0  -2.0  -2.0  -2.0  -2.0  0.08691985160112381  -2.0  10.648494720458984  -2.0  -2.0  16.47705078125  0.2929999828338623  0.27549999952316284  -2.0  -2.0  14.657400131225586  -2.0  -2.0  0.34696048498153687  0.07907254993915558  -2.0  -2.0  12.753399848937988  0.5985000133514404  12.161449432373047  -2.0  0.10074019432067871  -2.0  -2.0  12.370800018310547  -2.0  -2.0  -2.0  0.3604999780654907  -2.0  13.380399703979492  0.8609999418258667  0.1891779899597168  -2.0  -2.0  -2.0  41.88330078125  -2.0  2.391049861907959  -2.0  0.6892135143280029  -2.0  -2.0  -2.0
6  0  -1  14  0  0  -1  -1  -1  5  -1  5  -1  -1  0  5  9  3  3  -1  0  6  -1  -1  -1  0  9  1  -1  -1  1  1  3  -1  -1  5  5  -1  -1  -1  -1  0  -1  -1  0  3  -1  -1  -1  3  -1  -1  3  1  14  9  3  -1  5  14  -1  0  -1  -1  1  6  -1  6  -1  -1  4  4  0  1  0  -1  -1  -1  -1  -1  -1  3  -1  0  -1  -1  1  5  5  -1  -1  1  -1  -1  4  3  -1  -1  0  5  0  -1  3  -1  -1  0  -1  -1  -1  5  -1  0  5  3  -1  -1  -1  1  -1  14  -1  6  -1  -1  -1
1  1  0  1  1  1  1  0  1  1  0  1  1  0  1  1  1  1  1  0  1  1  1  0  0  1  1  1  1  0  1  1  1  0  1  1  1  0  1  0  1  1  1  0  1  1  0  1  1  1  0  1  1  1  1  1  1  1  1  1  0  1  1  0  1  1  1  1  0  1  1  1  1  1  1  1  0  0  1  0  1  1  0  1  0  1  1  1  1  0  1  1  0  1  1  1  1  0  1  1  1  0  1  0  1  1  1  0  1  1  0  1  1  1  0  1  1  1  1  1  0  1  0  1  0
1 
1  2  3  4  -1  -1  7  -1  9  -1  -1  12  13  14  -1  16  17  -1  -1  20  -1  22  -1  -1  25  -1  -1  28  29  -1  31  -1  33  -1  -1  36  -1  -1  39  40  -1  42  43  44  -1  46  -1  48  -1  -1  51  52  -1  -1  55  -1  57  -1  59  -1  61  -1  -1  64  65  66  -1  -1  69  -1  71  72  73  -1  75  -1  -1  78  79  -1  81  82  83  -1  85  -1  -1  -1  -1  -1  91  -1  93  -1  95  96  -1  -1  99  -1  101  -1  -1  104  -1  106  -1  -1  109  110  -1  -1  113  114  -1  116  -1  -1  119  -1  121  122  -1  -1  125  126  -1  -1  -1
38  11  6  5  -1  -1  8  -1  10  -1  -1  27  24  15  -1  19  18  -1  -1  21  -1  23  -1  -1  26  -1  -1  35  30  -1  32  -1  34  -1  -1  37  -1  -1  108  41  -1  63  50  45  -1  47  -1  49  -1  -1  54  53  -1  -1  56  -1  58  -1  60  -1  62  -1  -1  103  68  67  -1  -1  70  -1  90  77  74  -1  76  -1  -1  89  80  -1  88  87  84  -1  86  -1  -1  -1  -1  -1  92  -1  94  -1  98  97  -1  -1  100  -1  102  -1  -1  105  -1  107  -1  -1  112  111  -1  -1  118  115  -1  117  -1  -1  120  -1  124  123  -1  -1  128  127  -1  -1  -1
9.199014663696289  0.2202254980802536  3.2064599990844727  3.032474994659424  -2.0  -2.0  1.747999906539917  -2.0  1.811500072479248  -2.0  -2.0  1.3219249248504639  1.242550015449524  0.06517185270786285  -2.0  0.5  0.23160749673843384  -2.0  -2.0  13.117050170898438  -2.0  4.495355129241943  -2.0  -2.0  0.10091260075569153  -2.0  -2.0  102.98809814453125  0.8058160543441772  -2.0  0.31510400772094727  -2.0  2.572619915008545  -2.0  -2.0  0.2955005168914795  -2.0  -2.0  0.13235999643802643  -0.9529819488525391  -2.0  1.7071049213409424  0.5440000295639038  -0.6513910293579102  -2.0  -0.013157501816749573  -2.0  0.9801120162010193  -2.0  -2.0  0.049465399235486984  13.272830963134766  -2.0  -2.0  1.0164999961853027  -2.0  1.0374999046325684  -2.0  0.5  -2.0  0.35728150606155396  -2.0  -2.0  2.022779941558838  14.468600273132324  0.06996320188045502  -2.0  -2.0  -0.9520255327224731  -2.0  0.34942349791526794  17.240249633789062  0.9369069933891296  -2.0  0.9754999876022339  -2.0  -2.0  0.34786149859428406  17.39699935913086  -2.0  6.555660247802734  0.09498009830713272  2.6991748809814453  -2.0  -0.02173250913619995  -2.0  -2.0  -2.0  -2.0  -2.0  1.1089999675750732  -2.0  -0.9277875423431396  -2.0  11.391900062561035  8.5  -2.0  -2.0  47.282649993896484  -2.0  0.40511050820350647  -2.0  -2.0  6.681434631347656  -2.0  12.934049606323242  -2.0  -2.0  0.35600000619888306  3.027520179748535  -2.0  -2.0  -0.8264920115470886  0.5167145133018494  -2.0  16.866600036621094  -2.0  -2.0  1.3660249710083008  -2.0  -0.7560495138168335  0.5950989723205566  -2.0  -2.0  0.4793270230293274  6.298089981079102  -2.0  -2.0  -2.0
0  4  0  0  -1  -1  5  -1  5  -1  -1  14  14  3  -1  9  4  -1  -1  1  -1  9  -1  -1  3  -1  -1  1  6  -1  3  -1  14  -1  -1  3  -1  -1  3  6  -1  9  5  6  -1  6  -1  6  -1  -1  3  1  -1  -1  5  -1  5  -1  9  -1  4  -1  -1  14  1  3  -1  -1  6  -1  4  1  6  -1  5  -1  -1  4  1  -1  9  3  9  -1  6  -1  -1  -1  -1  -1  5  -1  6  -1  0  9  -1  -1  1  -1  4  -1  -1  9  -1  0  -1  -1  5  9  -1  -1  6  4  -1  0  -1  -1  9  -1  6  4  -1  -1  4  9  -1  -1  -1
1  1  1  1  0  1  1  0  1  1  0  1  1  1  1  1  1  1  0  1  0  1  0  1  1  1  0  1  1  0  1  0  1  1  0  1  0  1  1  1  1  1  1  1  1  1  0  1  1  0  1  1  1  0  1  1  1  0  1  1  1  0  1  1  1  1  1  0  1  0  1  1  1  1  1  0  1  1  1  0  1  1  1  0  1  0  1  1  1  0  1  1  1  0  1  1  1  0  1  1  1  0  1  1  0  1  0  1  1  1  0  1  1  1  1  1  0  1  1  1  1  1  0  1  1  1  1  0  0
1 
1  2  3  4  -1  6  7  -1  9  -1  11  -1  13  -1  -1  -1  17  18  19  20  -1  22  -1  24  -1  -1  27  28  -1  -1  -1  32  -1  34  -1  -1  37  38  39  -1  -1  -1  43  -1  45  46  -1  -1  -1  50  51  -1  53  -1  55  56  -1  -1  -1  60  -1  62  63  64  -1  66  67  68  -1  70  -1  -1  -1  -1  75  -1  77  -1  -1  80  81  -1  -1  84  85  -1  -1  -1  89  90  91  -1  93  -1  -1  96  97  98  99  -1  101  102  -1  -1  -1  -1  107  -1  -1  110  -1  -1  113  114  -1  116  -1  118  119  -1  -1  -1  123  -1  -1
88  49  16  5  -1  15  8  -1  10  -1  12  -1  14  -1  -1  -1  36  31  26  21  -1  23  -1  25  -1  -1  30  29  -1  -1  -1  33  -1  35  -1  -1  42  41  40  -1  -1  -1  44  -1  48  47  -1  -1  -1  59  52  -1  54  -1  58  57  -1  -1  -1  61  -1  79  74  65  -1  73  72  69  -1  71  -1  -1  -1  -1  76  -1  78  -1  -1  83  82  -1  -1  87  86  -1  -1  -1  112  95  92  -1  94  -1  -1  109  106  105  100  -1  104  103  -1  -1  -1  -1  108  -1  -1  111  -1  -1  122  115  -1  117  -1  121  120  -1  -1  -1  124  -1  -1
42.395599365234375  0.7804999947547913  9.258630752563477  7.514995098114014  -2.0  0.5  0.23343750834465027  -2.0  0.47451549768447876  -2.0  0.25019600987434387  -2.0  1.3656699657440186  -2.0  -2.0  -2.0  2.118034839630127  0.3799999952316284  0.2939999997615814  -0.5143795013427734  -2.0  15.10890007019043  -2.0  0.2799929976463318  -2.0  -2.0  11.442749977111816  0.27998048067092896  -2.0  -2.0  -2.0  1.5  -2.0  12.982349395751953  -2.0  -2.0  17.55139923095703  0.11915429681539536  1.521780014038086  -2.0  -2.0  -2.0  -0.9654939770698547  -2.0  0.28700000047683716  12.023099899291992  -2.0  -2.0  -2.0  1.7071049213409424  0.5  -2.0  0.09919914603233337  -2.0  11.75790023803711  11.229700088500977  -2.0  -2.0  -2.0  0.2288300096988678  -2.0  1.4390000104904175  0.9450000524520874  0.8830000162124634  -2.0  26.578750610351562  0.3483074903488159  0.9210000038146973  -2.0  8.77206039428711  -2.0  -2.0  -2.0  -2.0  10.744050025939941  -2.0  0.3573940098285675  -2.0  -2.0  -0.5272719860076904  12.591300010681152  -2.0  -2.0  1.1641149520874023  10.598549842834473  -2.0  -2.0  -2.0  12.322050094604492  5.160594940185547  34.768699645996094  -2.0  0.11810649931430817  -2.0  -2.0  27.26715087890625  0.2582395076751709  574.7509765625  15.633649826049805  -2.0  2.881999969482422  0.18830549716949463  -2.0  -2.0  -2.0  -2.0  0.2808924913406372  -2.0  -2.0  27.736648559570312  -2.0  -2.0  73.01480102539062  3.118034839630127  -2.0  0.3948945105075836  -2.0  0.8849999904632568  8.100930213928223  -2.0  -2.0  -2.0  0.47110798954963684  -2.0  -2.0
1  5  0  0  -1  9  4  -1  6  -1  4  -1  14  -1  -1  -1  9  5  5  6  -1  1  -1  6  -1  -1  0  4  -1  -1  -1  9  -1  1  -1  -1  1  6  14  -1  -1  -1  6  -1  5  0  -1  -1  -1  9  9  -1  3  -1  0  0  -1  -1  -1  4  -1  5  5  5  -1  1  4  5  -1  0  -1  -1  -1  -1  9  -1  4  -1  -1  6  9  -1  -1  14  0  -1  -1  -1  0  0  9  -1  3  -1  -1  9  3  1  9  -1  5  4  -1  -1  -1  -1  4  -1  -1  9  -1  -1  1  9  -1  4  -1  5  9  -1  -1  -1  4  -1  -1
1  1  1  1  0  1  1  1  1  0  1  0  1  1  0  0  1  1  1  1  1  1  1  1  0  1  1  1  0  1  0  1  1  1  0  1  1  1  1  1  0  1  1  1  1  1  0  1  0  1  1  1  1  1  1  1  1  0  1  1  0  1  1  1  1  1  1  1  0  1  0  1  1  1  1  1  1  0  1  1  1  0  1  1  1  1  0  1  1  1  1  0  1  0  1  1  1  1  1  0  1  1  0  1  0  1  1  1  0  1  1  0  1  1  0  1  0  1  1  0  1  1  1  1  0
1 
1  2  3  4  5  -1  -1  8  9  10  -1  12  -1  -1  15  16  -1  -1  -1  20  -1  22  23  -1  -1  -1  27  -1  -1  30  31  32  33  -1  35  36  37  38  -1  40  -1  -1  43  -1  -1  -1  47  -1  -1  -1  51  52  53  -1  -1  56  57  58  59  60  61  -1  63  64  -1  66  67  -1  69  -1  71  -1  -1  -1  -1  76  -1  -1  79  -1  81  82  -1  -1  -1  -1  -1  88  89  90  -1  92  -1  -1  -1  -1  -1  98  99  -1  -1  102  103  104  -1  -1  -1  108  109  -1  111  -1  -1  -1  115  -1  117  118  -1  -1  121  -1  123  -1  125  -1  -1
114  29  26  7  6  -1  -1  19  14  11  -1  13  -1  -1  18  17  -1  -1  -1  21  -1  25  24  -1  -1  -1  28  -1  -1  97  50  49  34  -1  46  45  42  39  -1  41  -1  -1  44  -1  -1  -1  48  -1  -1  -1  96  55  54  -1  -1  87  86  85  78  75  62  -1  74  65  -1  73  68  -1  70  -1  72  -1  -1  -1  -1  77  -1  -1  80  -1  84  83  -1  -1  -1  -1  -1  95  94  91  -1  93  -1  -1  -1  -1  -1  101  100  -1  -1  107  106  105  -1  -1  -1  113  110  -1  112  -1  -1  -1  116  -1  120  119  -1  -1  122  -1  124  -1  126  -1  -1
15.456199645996094  0.27694299817085266  2.1399998664855957  1.1684550046920776  0.6959999799728394  -2.0  -2.0  0.2487725019454956  0.5  0.5959349870681763  -2.0  1.3228950500488281  -2.0  -2.0  0.148003488779068  0.9240000247955322  -2.0  -2.0  -2.0  0.23759400844573975  -2.0  5.735790252685547  3.4757699966430664  -2.0  -2.0  -2.0  1.2272599935531616  -2.0  -2.0  2.114309787750244  0.7785000205039978  0.7740000486373901  12.472700119018555  -2.0  0.08577880263328552  6.117034912109375  0.34337449073791504  0.6352155208587646  -2.0  14.846050262451172  -2.0  -2.0  0.08083200454711914  -2.0  -2.0  -2.0  31.899200439453125  -2.0  -2.0  -2.0  17.51715087890625  -0.978927493095398  4.061554908752441  -2.0  -2.0  1.4555000066757202  0.39545100927352905  13.379850387573242  0.9970710277557373  10.885149955749512  1.024999976158142  -2.0  0.1364555060863495  0.3569430112838745  -2.0  11.653600692749023  11.345849990844727  -2.0  0.3605175018310547  -2.0  1.3020000457763672  -2.0  -2.0  -2.0  -2.0  1.1686650514602661  -2.0  -2.0  1.1570249795913696  -2.0  0.32716697454452515  1.2718250751495361  -2.0  -2.0  -2.0  -2.0  -2.0  10.410099983215332  12.649099349975586  21.581798553466797  -2.0  0.36002248525619507  -2.0  -2.0  -2.0  -2.0  -2.0  0.5  0.30121898651123047  -2.0  -2.0  3.534824848175049  0.3070000112056732  0.708964467048645  -2.0  -2.0  -2.0  91.36944580078125  0.13743099570274353  -2.0  20.877700805664062  -2.0  -2.0  -2.0  -0.8389229774475098  -2.0  1.3134450912475586  0.09158354997634888  -2.0  -2.0  27.26715087890625  -2.0  0.15258899331092834  -2.0  0.07090115547180176  -2.0  -2.0
9  4  5  14  5  -1  -1  3  9  6  -1  14  -1  -1  4  5  -1  -1  -1  4  -1  9  9  -1  -1  -1  14  -1  -1  14  5  5  1  -1  3  9  4  6  -1  1  -1  -1  3  -1  -1  -1  1  -1  -1  -1  0  6  9  -1  -1  5  4  0  6  9  5  -1  3  4  -1  0  0  -1  4  -1  5  -1  -1  -1  -1  14  -1  -1  14  -1  4  14  -1  -1  -1  -1  -1  9  0  1  -1  4  -1  -1  -1  -1  -1  9  3  -1  -1  9  5  6  -1  -1  -1  1  3  -1  0  -1  -1  -1  6  -1  14  3  -1  -1  9  -1  4  -1  3  -1  -1
1  1  1  1  1  1  0  1  1  1  0  1  1  0  1  1  0  1  0  1  1  1  1  0  1  0  1  0  1  1  1  1  1  1  1  1  1  1  0  1  0  1  1  1  0  0  1  1  0  0  1  1  1  0  1  1  1  1  1  1  1  1  1  1  1  1  1  1  1  0  1  1  0  1  0  1  0  1  1  0  1  1  1  0  1  0  1  1  1  1  1  1  0  1  0  1  0  1  1  1  0  1  1  1  0  1  0  1  1  0  1  1  0  0  1  1  1  1  0  1  1  0  1  0  1  0  1
1 
1  2  3  4  -1  -1  7  -1  9  -1  11  12  -1  -1  -1  16  17  18  -1  20  21  -1  -1  -1  -1  26  27  -1  29  -1  31  -1  33  -1  35  -1  -1  38  39  40  -1  42  -1  -1  45  -1  -1  -1  49  50  51  52  53  54  -1  -1  57  -1  59  -1  -1  62  63  -1  65  -1  67  -1  -1  70  71  -1  -1  -1  -1  76  -1  78  -1  80  -1  -1  83  84  85  86  87  88  89  -1  91  92  -1  -1  -1  -1  -1  98  99  100  101  -1  -1  -1  -1  106  107  -1  -1  -1  111  -1  113  -1  115  -1  -1  118  -1  -1  -1
48  15  6  5  -1  -1  8  -1  10  -1  14  13  -1  -1  -1  25  24  19  -1  23  22  -1  -1  -1  -1  37  28  -1  30  -1  32  -1  34  -1  36  -1  -1  47  44  41  -1  43  -1  -1  46  -1  -1  -1  82  75  74  61  56  55  -1  -1  58  -1  60  -1  -1  69  64  -1  66  -1  68  -1  -1  73  72  -1  -1  -1  -1  77  -1  79  -1  81  -1  -1  120  117  110  97  96  95  90  -1  94  93  -1  -1  -1  -1  -1  105  104  103  102  -1  -1  -1  -1  109  108  -1  -1  -1  112  -1  114  -1  116  -1  -1  119  -1  -1  -1
0.7804999947547913  1.2071049213409424  1.4012750387191772  7.514995098114014  -2.0  -2.0  0.345455527305603  -2.0  12.820449829101562  -2.0  24.120601654052734  0.0034365057945251465  -2.0  -2.0  -2.0  9.41904067993164  0.47049999237060547  6.094659805297852  -2.0  0.45899999141693115  5.911834716796875  -2.0  -2.0  -2.0  -2.0  0.2642800211906433  15.503549575805664  -2.0  1.383430004119873  -2.0  12.967000007629395  -2.0  2.8027749061584473  -2.0  73.01480102539062  -2.0  -2.0  14.050300598144531  0.5525000095367432  11.856249809265137  -2.0  0.1029137521982193  -2.0  -2.0  5.036794662475586  -2.0  -2.0  -2.0  8.83119010925293  3.3994998931884766  719.3544921875  42.1551513671875  4.752579689025879  0.24387550354003906  -2.0  -2.0  2.071000099182129  -2.0  1.1958050727844238  -2.0  -2.0  27.26715087890625  3.0139999389648438  -2.0  0.30210453271865845  -2.0  0.6166199445724487  -2.0  -2.0  2.4635000228881836  5.9391350746154785  -2.0  -2.0  -2.0  -2.0  1.237280011177063  -2.0  3.143975019454956  -2.0  0.057350195944309235  -2.0  -2.0  0.564486026763916  91.36944580078125  1.340499997138977  0.09935940057039261  11.301250457763672  10.81505012512207  0.07742035388946533  -2.0  1.3214750289916992  3.5  -2.0  -2.0  -2.0  -2.0  -2.0  51.97270202636719  12.922300338745117  20.67474937438965  0.10113079845905304  -2.0  -2.0  -2.0  -2.0  6.046679973602295  -0.45421484112739563  -2.0  -2.0  -2.0  1.2258700132369995  -2.0  24.86804962158203  -2.0  13.523149490356445  -2.0  -2.0  8.339369773864746  -2.0  -2.0  -2.0
5  9  14  0  -1  -1  4  -1  0  -1  1  6  -1  -1  -1  0  5  1  -1  5  14  -1  -1  -1  -1  6  1  -1  14  -1  0  -1  9  -1  1  -1  -1  0  5  0  -1  3  -1  -1  9  -1  -1  -1  0  5  1  1  0  4  -1  -1  5  -1  14  -1  -1  9  5  -1  6  -1  6  -1  -1  5  0  -1  -1  -1  -1  14  -1  0  -1  3  -1  -1  4  1  5  3  0  9  3  -1  14  9  -1  -1  -1  -1  -1  1  9  1  3  -1  -1  -1  -1  9  6  -1  -1  -1  14  -1  1  -1  0  -1  -1  9  -1  -1  -1
1  1  1  1  0  1  1  0  1  1  1  1  0  1  1  1  1  1  1  1  1  0  1  1  0  1  1  1  1  1  1  0  1  0  1  1  0  1  1  1  1  1  0  1  1  0  1  0  1  1  1  1  1  1  1  0  1  0  1  0  1  1  1  0  1  0  1  1  0  1  1  1  0  0  1  1  0  1  0  1  0  1  1  1  1  1  1  1  1  1  1  1  1  0  0  0  1  1  1  1  1  0  1  1  0  1  1  1  0  1  1  1  1  0  1  1  0  1  1  0  0
1 
1  2  3  -1  5  -1  7  8  9  -1  11  12  -1  -1  -1  16  -1  -1  19  -1  -1  22  23  24  -1  26  -1  28  -1  30  -1  -1  33  -1  -1  -1  37  38  39  40  41  -1  -1  -1  -1  46  47  48  49  50  51  -1  53  -1  -1  56  57  58  -1  60  -1  -1  -1  64  -1  -1  67  68  69  -1  71  72  -1  74  75  -1  77  -1  79  80  81  -1  -1  -1  -1  -1  87  -1  -1  -1  -1  92  -1  94  -1  96  -1  -1  99  -1  101  -1  -1  -1  105  -1  107  -1  109  -1  111  -1  113  -1  -1
36  21  4  -1  6  -1  18  15  10  -1  14  13  -1  -1  -1  17  -1  -1  20  -1  -1  35  32  25  -1  27  -1  29  -1  31  -1  -1  34  -1  -1  -1  104  45  44  43  42  -1  -1  -1  -1  103  98  91  66  55  52  -1  54  -1  -1  63  62  59  -1  61  -1  -1  -1  65  -1  -1  90  89  70  -1  86  73  -1  85  76  -1  78  -1  84  83  82  -1  -1  -1  -1  -1  88  -1  -1  -1  -1  93  -1  95  -1  97  -1  -1  100  -1  102  -1  -1  -1  106  -1  108  -1  110  -1  112  -1  114  -1  -1
9.10846996307373  0.4881660044193268  6.082204818725586  -2.0  6.283764839172363  -2.0  0.2375355064868927  6.929635047912598  5.162810325622559  -2.0  -0.3375464975833893  107.80599975585938  -2.0  -2.0  -2.0  0.120637446641922  -2.0  -2.0  10.34266471862793  -2.0  -2.0  2.414289951324463  56.73255157470703  7.232924938201904  -2.0  0.23218899965286255  -2.0  0.05835619941353798  -2.0  7.785990238189697  -2.0  -2.0  4.989120006561279  -2.0  -2.0  -2.0  2.264159917831421  0.28592100739479065  0.09378069639205933  1.1185450553894043  0.08541505038738251  -2.0  -2.0  -2.0  -2.0  73.5426025390625  0.156809002161026  0.39545100927352905  0.7039999961853027  13.846650123596191  0.0741051509976387  -2.0  0.3125250041484833  -2.0  -2.0  0.08935429900884628  20.663799285888672  1.5108449459075928  -2.0  0.36913299560546875  -2.0  -2.0  -2.0  1.343169927597046  -2.0  -2.0  13.379850387573242  0.35894399881362915  -0.9723445177078247  -2.0  10.5  15.676199913024902  -2.0  0.7116940021514893  0.5  -2.0  0.061394549906253815  -2.0  0.3582410216331482  1.1641950607299805  1.1301649808883667  -2.0  -2.0  -2.0  -2.0  -2.0  0.08611585199832916  -2.0  -2.0  -2.0  -2.0  9.949379920959473  -2.0  0.12504899501800537  -2.0  41.91815185546875  -2.0  -2.0  0.4052404761314392  -2.0  1.7523599863052368  -2.0  -2.0  -2.0  4.415519714355469  -2.0  0.9205000400543213  -2.0  0.4893004894256592  -2.0  0.5391265153884888  -2.0  5.650619983673096  -2.0  -2.0
0  6  9  -1  9  -1  4  0  0  -1  6  1  -1  -1  -1  3  -1  -1  9  -1  -1  14  1  1  -1  4  -1  3  -1  9  -1  -1  0  -1  -1  -1  14  4  3  14  3  -1  -1  -1  -1  1  3  4  5  1  3  -1  4  -1  -1  6  1  14  -1  4  -1  -1  -1  14  -1  -1  0  4  6  -1  9  1  -1  6  9  -1  3  -1  4  14  14  -1  -1  -1  -1  -1  3  -1  -1  -1  -1  9  -1  3  -1  1  -1  -1  4  -1  14  -1  -1  -1  9  -1  5  -1  4  -1  4  -1  9  -1  -1
1  1  1  0  1  1  1  1  1  0  1  1  0  1  0  1  0  1  1  0  1  1  1  1  1  1  0  1  1  1  0  1  1  0  1  1  1  1  1  1  1  0  1  1  0  1  1  1  1  1  1  1  1  1  0  1  1  1  1  1  0  1  0  1  0  1  1  1  1  0  1  1  1  1  1  1  1  0  1  1  1  1  0  1  0  1  1  0  1  1  0  1  1  1  1  1  0  1  1  0  1  0  1  0  1  0  1  0  1  1  1  0  1  1  0
1 
1  2  3  4  5  -1  7  -1  9  -1  11  -1  -1  -1  -1  16  17  -1  19  -1  21  -1  23  -1  -1  26  27  28  -1  -1  -1  -1  33  34  35  36  37  38  39  -1  41  -1  -1  -1  45  46  -1  48  -1  50  -1  -1  53  54  -1  56  -1  -1  -1  60  -1  -1  63  -1  65  66  -1  68  -1  70  -1  -1  -1  74  75  -1  77  -1  79  -1  -1  -1  83  -1  85  86  87  -1  89  90  -1  92  -1  -1  -1  -1  97  -1  -1
32  15  14  13  6  -1  8  -1  10  -1  12  -1  -1  -1  -1  25  18  -1  20  -1  22  -1  24  -1  -1  31  30  29  -1  -1  -1  -1  82  73  62  59  44  43  40  -1  42  -1  -1  -1  52  47  -1  49  -1  51  -1  -1  58  55  -1  57  -1  -1  -1  61  -1  -1  64  -1  72  67  -1  69  -1  71  -1  -1  -1  81  76  -1  78  -1  80  -1  -1  -1  84  -1  96  95  88  -1  94  91  -1  93  -1  -1  -1  -1  98  -1  -1
9.071314811706543  1.3134000301361084  0.11036920547485352  1.3039950132369995  0.4519290030002594  -2.0  0.06216925382614136  -2.0  0.08547575026750565  -2.0  0.6842249631881714  -2.0  -2.0  -2.0  -2.0  0.12209700047969818  2.3285000324249268  -2.0  2.4635000228881836  -2.0  154.12850952148438  -2.0  -0.09039529412984848  -2.0  -2.0  27.31599998474121  0.9742854833602905  0.12588250637054443  -2.0  -2.0  -2.0  -2.0  2.0243749618530273  0.3486655056476593  0.33719801902770996  11.904350280761719  0.6184999942779541  15.686300277709961  0.5525000095367432  -2.0  14.846050262451172  -2.0  -2.0  -2.0  0.9967199563980103  1.3765249252319336  -2.0  10.025735855102539  -2.0  4.033509731292725  -2.0  -2.0  1.0295000076293945  18.670700073242188  -2.0  0.8930000066757202  -2.0  -2.0  -2.0  1.1912699937820435  -2.0  -2.0  0.6554999947547913  -2.0  11.14940071105957  1.2050700187683105  -2.0  1.267625093460083  -2.0  19.17259979248047  -2.0  -2.0  -2.0  0.35926347970962524  1.1701600551605225  -2.0  0.6188839673995972  -2.0  1.2396750450134277  -2.0  -2.0  -2.0  17.44824981689453  -2.0  0.9205000400543213  -0.5521994829177856  0.13542449474334717  -2.0  0.23647649586200714  36.19955062866211  -2.0  0.5149884819984436  -2.0  -2.0  -2.0  -2.0  0.47110798954963684  -2.0  -2.0
0  14  3  14  6  -1  3  -1  3  -1  6  -1  -1  -1  -1  3  5  -1  5  -1  1  -1  6  -1  -1  9  6  3  -1  -1  -1  -1  14  4  4  9  5  1  5  -1  1  -1  -1  -1  6  14  -1  0  -1  9  -1  -1  5  1  -1  5  -1  -1  -1  14  -1  -1  5  -1  0  14  -1  14  -1  1  -1  -1  -1  4  14  -1  6  -1  14  -1  -1  -1  1  -1  5  6  3  -1  3  1  -1  4  -1  -1  -1  -1  4  -1  -1
1  1  1  1  1  0  1  1  1  0  1  1  0  1  1  1  1  0  1  1  1  0  1  0  1  1  1  1  1  0  1  1  1  1  1  1  1  1  1  1  1  0  1  0  1  1  1  1  1  1  0  1  1  1  1  1  0  1  0  1  1  0  1  0  1  1  0  1  1  1  0  1  1  1  1  0  1  1  1  1  0  1  1  1  1  1  1  0  1  1  1  1  0  1  0  0  1  1  0
1 
1  2  3  4  5  -1  -1  8  9  10  11  -1  -1  -1  -1  16  17  18  -1  -1  21  22  -1  -1  -1  26  -1  28  -1  30  31  -1  -1  -1  35  36  -1  -1  39  40  -1  -1  43  -1  -1  -1  47  48  49  -1  -1  52  53  -1  -1  56  57  -1  -1  -1  61  62  63  64  65  66  67  68  -1  70  71  -1  -1  -1  75  76  -1  -1  -1  80  -1  82  83  -1  -1  -1  87  88  89  -1  -1  92  -1  94  95  -1  97  98  -1  -1  -1  -1  -1  104  -1  106  107  -1  109  -1  -1  112  -1  -1  -1  -1  117  -1  -1
46  45  34  7  6  -1  -1  15  14  13  12  -1  -1  -1  -1  25  20  19  -1  -1  24  23  -1  -1  -1  27  -1  29  -1  33  32  -1  -1  -1  38  37  -1  -1  42  41  -1  -1  44  -1  -1  -1  60  51  50  -1  -1  55  54  -1  -1  59  58  -1  -1  -1  116  115  114  103  86  79  74  69  -1  73  72  -1  -1  -1  78  77  -1  -1  -1  81  -1  85  84  -1  -1  -1  102  91  90  -1  -1  93  -1  101  96  -1  100  99  -1  -1  -1  -1  -1  105  -1  111  108  -1  110  -1  -1  113  -1  -1  -1  -1  118  -1  -1
9.36029052734375  66.95394897460938  0.8537279963493347  -0.8632099628448486  1.2799999713897705  -2.0  -2.0  0.07349175214767456  0.05743350088596344  0.05649225041270256  8.931329727172852  -2.0  -2.0  -2.0  -2.0  1.3534799814224243  0.21910350024700165  0.15808700025081635  -2.0  -2.0  11.797149658203125  7.786749839782715  -2.0  -2.0  -2.0  0.8274999856948853  -2.0  16.496999740600586  -2.0  -0.41073399782180786  -0.49974900484085083  -2.0  -2.0  -2.0  10.045289993286133  0.07205945253372192  -2.0  -2.0  0.1804324984550476  0.2776865065097809  -2.0  -2.0  0.46050000190734863  -2.0  -2.0  -2.0  0.4424999952316284  2.2234649658203125  0.39899998903274536  -2.0  -2.0  0.5  -0.5143795013427734  -2.0  -2.0  0.26600000262260437  0.3630774915218353  -2.0  -2.0  -2.0  0.5580685138702393  14.815450668334961  1.903999924659729  0.10536950081586838  0.9194999933242798  1.5850600004196167  0.07391980290412903  1.3062100410461426  -2.0  10.786550521850586  0.5728960037231445  -2.0  -2.0  -2.0  0.08855964988470078  0.3385235071182251  -2.0  -2.0  -2.0  2.0  -2.0  -0.9001569747924805  12.819999694824219  -2.0  -2.0  -2.0  11.628600120544434  -0.600970983505249  1.1640000343322754  -2.0  -2.0  0.013362320140004158  -2.0  1.0880000591278076  17.734649658203125  -2.0  11.52199935913086  0.10113079845905304  -2.0  -2.0  -2.0  -2.0  -2.0  32.012451171875  -2.0  0.1797230988740921  1.443000078201294  -2.0  34.41874694824219  -2.0  -2.0  63.287750244140625  -2.0  -2.0  -2.0  -2.0  0.8939999938011169  -2.0  -2.0
0  9  6  6  5  -1  -1  3  3  3  0  -1  -1  -1  -1  14  4  4  -1  -1  1  0  -1  -1  -1  5  -1  1  -1  6  6  -1  -1  -1  1  3  -1  -1  3  4  -1  -1  5  -1  -1  -1  5  14  5  -1  -1  9  6  -1  -1  5  4  -1  -1  -1  4  9  5  3  5  14  3  14  -1  0  6  -1  -1  -1  3  4  -1  -1  -1  9  -1  6  0  -1  -1  -1  0  6  5  -1  -1  6  -1  5  1  -1  0  3  -1  -1  -1  -1  -1  1  -1  6  5  -1  1  -1  -1  1  -1  -1  -1  -1  5  -1  -1
1  1  1  1  1  0  1  1  1  1  1  0  1  1  0  1  1  1  1  0  1  1  1  0  1  1  0  1  1  1  1  0  1  0  1  1  1  0  1  1  0  1  1  1  0  1  1  1  1  1  0  1  1  1  0  1  1  0  1  0  1  1  1  1  1  1  1  1  1  1  1  1  0  1  1  1  0  1  1  1  1  1  1  0  1  0  1  1  1  1  0  1  1  1  1  0  1  1  0  1  1  1  1  1  1  1  1  1  1  0  1  1  0  1  0  0  1  1  0