 1 2 3 4 5 6 7 -1 -1 -1 -1 12 13 14 -1 -1 -1 18 19 -1 21 -1 -1 24 25 26 27 28 29 30 -1 -1 -1 -1 -1 36 37 38 -1 -1 -1 -1 43 -1 -1 46 47 -1 -1 50 51 52 -1 -1 -1 56 -1 58 -1 60 61 -1 -1 -1 -1 66 67 68 69 -1 71 -1 -1 -1 75 -1 77 -1 79 -1 81 82 83 -1 -1 -1 -1 88 -1 90 91 -1 -1 -1 95 96 97 -1 99 100 101 102 -1 104 105 -1 107 -1 -1 110 -1 112 -1 -1 -1 116 -1 -1 -1 -1 121 122 123 -1 125 -1 -1 -1 -1 -1 -1 -1 -1 -1 -1 -1 -1 -1 -1  
1 2 3 -1 -1 -1 7 8 9 -1 11 -1 -1 14 -1 16 -1 18 -1 -1 21 22 23 -1 25 26 -1 28 29 30 31 -1 33 -1 35 -1 37 -1 39 -1 41 -1 43 -1 -1 -1 47 -1 49 -1 51 -1 53 -1 -1 56 57 58 -1 60 -1 -1 63 -1 65 -1 -1 -1 -1 70 71 -1 -1 74 75 76 77 -1 -1 80 -1 -1 83 -1 85 -1 87 88 -1 90 -1 -1 93 94 95 -1 97 -1 -1 100 -1 -1 -1 104 105 106 -1 -1 -1 110 111 -1 -1 114 115 -1 -1 -1 119 120 -1 122 -1 -1 -1 -1 -1 -1 -1 -1 -1 -1 -1 -1 -1 -1 -1 -1 -1  
1 2 3 -1 -1 6 7 -1 9 10 -1 12 -1 -1 -1 -1 17 -1 19 -1 21 22 23 24 25 26 27 28 29 30 -1 32 -1 34 -1 -1 37 -1 39 40 -1 -1 43 44 -1 -1 -1 48 49 50 51 52 -1 54 55 -1 -1 -1 59 -1 61 -1 -1 64 -1 66 -1 -1 -1 70 -1 -1 73 -1 75 -1 -1 -1 79 80 -1 82 83 -1 -1 -1 -1 88 89 -1 91 -1 -1 94 -1 -1 97 -1 99 -1 -1 102 -1 -1 105 106 -1 -1 109 -1 111 112 -1 114 -1 -1 -1 -1 -1 -1 -1 -1 -1 -1 -1 -1 -1 -1 -1 -1 -1 -1 -1 -1 -1 -1 -1 -1 -1  
1 2 3 4 -1 -1 -1 8 -1 10 11 -1 -1 -1 15 16 -1 18 19 20 -1 22 -1 24 -1 -1 27 28 -1 30 -1 -1 33 34 35 -1 37 -1 -1 40 41 42 43 44 -1 -1 -1 48 49 -1 51 52 -1 54 55 56 -1 -1 -1 -1 61 -1 63 -1 -1 66 -1 -1 -1 70 71 -1 -1 74 75 -1 77 -1 -1 80 81 -1 -1 -1 85 -1 87 -1 -1 90 -1 92 -1 94 95 -1 -1 -1 99 100 101 102 103 -1 105 -1 107 -1 109 -1 -1 112 -1 -1 115 116 -1 -1 -1 -1 -1 -1 -1 -1 -1 -1 -1 -1 -1 -1 -1 -1 -1 -1 -1 -1 -1 -1 -1  
1 2 3 -1 -1 6 7 8 9 -1 -1 12 -1 14 -1 16 -1 -1 19 -1 21 22 23 -1 25 -1 27 -1 -1 30 -1 32 33 -1 -1 -1 -1 38 -1 40 -1 42 -1 44 -1 46 47 -1 -1 -1 51 52 53 -1 -1 -1 57 58 59 60 61 62 -1 64 -1 -1 67 -1 -1 70 -1 72 -1 -1 75 -1 77 -1 -1 80 81 82 -1 -1 -1 -1 87 88 89 -1 91 -1 93 -1 -1 96 97 -1 99 100 -1 -1 103 104 105 -1 107 -1 109 -1 111 -1 113 -1 -1 -1 -1 -1 119 120 -1 122 -1 -1 125 -1 127 -1 129 -1 131 -1 133 -1 135 -1 137 -1 -1  
1 -1 3 4 5 6 -1 8 -1 10 -1 12 13 -1 15 -1 17 -1 19 20 -1 -1 23 -1 25 -1 27 -1 -1 30 31 32 -1 34 -1 -1 37 38 39 -1 -1 42 43 -1 -1 46 -1 48 49 -1 51 -1 53 -1 55 -1 57 -1 59 -1 -1 62 -1 -1 65 -1 -1 68 -1 70 -1 -1 73 74 75 76 77 -1 -1 -1 -1 82 -1 84 -1 -1 87 88 89 90 91 -1 -1 -1 -1 96 -1 -1 99 -1 -1 -1 103 104 -1 106 107 -1 -1 -1 111 112 -1 -1 -1 -1 -1 -1 -1 -1 -1 -1 -1 -1 -1 -1 -1 -1 -1 -1 -1 -1 -1 -1 -1 -1 -1 -1 -1  
1 2 3 4 -1 6 7 8 9 10 -1 12 -1 -1 15 -1 -1 -1 19 20 21 22 -1 24 -1 26 -1 -1 29 -1 31 32 33 -1 -1 -1 -1 38 39 -1 -1 -1 43 -1 -1 46 -1 -1 49 50 -1 -1 -1 54 55 -1 57 58 -1 60 61 -1 -1 -1 65 66 -1 68 -1 70 -1 72 -1 -1 75 76 -1 -1 79 80 -1 82 83 -1 85 86 -1 -1 -1 -1 91 -1 -1 94 95 96 -1 -1 -1 -1 101 102 103 104 105 -1 -1 -1 -1 110 -1 -1 113 114 115 116 -1 -1 -1 120 -1 122 123 -1 125 -1 -1 -1 129 -1 131 132 -1 -1 -1 -1 -1 -1 -1  
1 2 3 4 -1 6 7 -1 -1 -1 11 12 -1 14 15 16 -1 18 -1 -1 21 -1 23 24 25 26 27 -1 29 -1 -1 32 33 34 -1 36 -1 38 -1 -1 41 -1 43 44 -1 46 -1 48 -1 50 -1 -1 53 54 -1 -1 57 -1 -1 -1 61 -1 -1 -1 65 -1 67 68 69 -1 -1 -1 73 -1 -1 76 77 -1 79 80 81 82 83 -1 -1 -1 -1 -1 89 -1 -1 -1 93 -1 95 96 -1 -1 -1 100 101 -1 103 104 105 106 -1 -1 -1 -1 111 112 -1 -1 -1 -1 117 118 119 120 -1 -1 -1 -1 -1 -1 -1 -1 -1 -1 -1 -1 -1 -1 -1 -1 -1 -1 -1  
1 2 3 4 5 6 7 8 -1 10 -1 -1 -1 -1 15 16 17 18 -1 20 -1 -1 -1 24 25 -1 27 28 -1 30 31 32 -1 -1 35 36 -1 -1 -1 40 -1 42 -1 -1 -1 46 -1 48 -1 50 -1 52 53 -1 55 -1 -1 58 -1 -1 -1 62 63 64 -1 66 67 68 -1 70 -1 -1 -1 -1 75 76 77 -1 -1 -1 -1 82 -1 -1 -1 86 87 -1 89 -1 -1 92 -1 -1 95 -1 97 98 -1 100 101 102 103 104 105 106 107 -1 -1 110 -1 112 -1 -1 -1 116 117 -1 119 120 -1 122 -1 -1 125 -1 127 128 129 -1 -1 -1 -1 -1 -1 -1 -1 -1 -1  
1 2 3 4 5 6 7 -1 -1 -1 11 -1 -1 14 15 -1 17 -1 19 -1 21 -1 -1 24 25 26 27 28 29 -1 -1 -1 33 -1 -1 36 -1 38 -1 -1 41 42 43 44 -1 -1 -1 -1 -1 -1 51 52 -1 -1 55 56 57 58 -1 -1 -1 62 63 64 -1 -1 -1 -1 -1 70 71 72 -1 -1 -1 -1 77 78 -1 80 -1 82 83 84 85 -1 87 -1 -1 -1 -1 92 93 -1 95 96 -1 -1 99 -1 101 -1 -1 104 -1 106 -1 108 -1 110 111 -1 -1 114 115 116 117 118 -1 -1 -1 -1 -1 -1 -1 -1 -1 -1 -1 -1 -1 -1 -1 -1 -1 -1 -1 -1 -1  
 
94 65 64 11 10 9 8 -1 -1 -1 -1 17 16 15 -1 -1 -1 23 20 -1 22 -1 -1 45 42 35 34 33 32 31 -1 -1 -1 -1 -1 41 40 39 -1 -1 -1 -1 44 -1 -1 49 48 -1 -1 55 54 53 -1 -1 -1 57 -1 59 -1 63 62 -1 -1 -1 -1 87 74 73 70 -1 72 -1 -1 -1 76 -1 78 -1 80 -1 86 85 84 -1 -1 -1 -1 89 -1 93 92 -1 -1 -1 120 119 98 -1 118 115 114 103 -1 109 106 -1 108 -1 -1 111 -1 113 -1 -1 -1 117 -1 -1 -1 -1 128 127 124 -1 126 -1 -1 -1 -1 -1 -1 -1 -1 -1 -1 -1 -1 -1 -1  
6 5 4 -1 -1 -1 20 13 10 -1 12 -1 -1 15 -1 17 -1 19 -1 -1 118 69 24 -1 68 27 -1 55 46 45 32 -1 34 -1 36 -1 38 -1 40 -1 42 -1 44 -1 -1 -1 48 -1 50 -1 52 -1 54 -1 -1 67 62 59 -1 61 -1 -1 64 -1 66 -1 -1 -1 -1 73 72 -1 -1 103 82 79 78 -1 -1 81 -1 -1 84 -1 86 -1 92 89 -1 91 -1 -1 102 99 96 -1 98 -1 -1 101 -1 -1 -1 109 108 107 -1 -1 -1 113 112 -1 -1 117 116 -1 -1 -1 124 121 -1 123 -1 -1 -1 -1 -1 -1 -1 -1 -1 -1 -1 -1 -1 -1 -1 -1 -1  
16 5 4 -1 -1 15 8 -1 14 11 -1 13 -1 -1 -1 -1 18 -1 20 -1 104 101 96 87 78 77 72 47 36 31 -1 33 -1 35 -1 -1 38 -1 42 41 -1 -1 46 45 -1 -1 -1 69 68 63 58 53 -1 57 56 -1 -1 -1 60 -1 62 -1 -1 65 -1 67 -1 -1 -1 71 -1 -1 74 -1 76 -1 -1 -1 86 81 -1 85 84 -1 -1 -1 -1 93 90 -1 92 -1 -1 95 -1 -1 98 -1 100 -1 -1 103 -1 -1 108 107 -1 -1 110 -1 116 113 -1 115 -1 -1 -1 -1 -1 -1 -1 -1 -1 -1 -1 -1 -1 -1 -1 -1 -1 -1 -1 -1 -1 -1 -1 -1 -1  
14 7 6 5 -1 -1 -1 9 -1 13 12 -1 -1 -1 98 17 -1 89 26 21 -1 23 -1 25 -1 -1 32 29 -1 31 -1 -1 84 39 36 -1 38 -1 -1 69 68 47 46 45 -1 -1 -1 65 50 -1 60 53 -1 59 58 57 -1 -1 -1 -1 62 -1 64 -1 -1 67 -1 -1 -1 73 72 -1 -1 79 76 -1 78 -1 -1 83 82 -1 -1 -1 86 -1 88 -1 -1 91 -1 93 -1 97 96 -1 -1 -1 120 119 114 111 104 -1 106 -1 108 -1 110 -1 -1 113 -1 -1 118 117 -1 -1 -1 -1 -1 -1 -1 -1 -1 -1 -1 -1 -1 -1 -1 -1 -1 -1 -1 -1 -1 -1 -1  
50 5 4 -1 -1 37 18 11 10 -1 -1 13 -1 15 -1 17 -1 -1 20 -1 36 29 24 -1 26 -1 28 -1 -1 31 -1 35 34 -1 -1 -1 -1 39 -1 41 -1 43 -1 45 -1 49 48 -1 -1 -1 56 55 54 -1 -1 -1 86 79 74 69 66 63 -1 65 -1 -1 68 -1 -1 71 -1 73 -1 -1 76 -1 78 -1 -1 85 84 83 -1 -1 -1 -1 118 95 90 -1 92 -1 94 -1 -1 117 98 -1 102 101 -1 -1 116 115 106 -1 108 -1 110 -1 112 -1 114 -1 -1 -1 -1 -1 124 121 -1 123 -1 -1 126 -1 128 -1 130 -1 132 -1 134 -1 136 -1 138 -1 -1  
2 -1 102 101 72 7 -1 9 -1 11 -1 29 14 -1 16 -1 18 -1 22 21 -1 -1 24 -1 26 -1 28 -1 -1 67 36 33 -1 35 -1 -1 64 41 40 -1 -1 45 44 -1 -1 47 -1 61 50 -1 52 -1 54 -1 56 -1 58 -1 60 -1 -1 63 -1 -1 66 -1 -1 69 -1 71 -1 -1 86 81 80 79 78 -1 -1 -1 -1 83 -1 85 -1 -1 98 95 94 93 92 -1 -1 -1 -1 97 -1 -1 100 -1 -1 -1 110 105 -1 109 108 -1 -1 -1 114 113 -1 -1 -1 -1 -1 -1 -1 -1 -1 -1 -1 -1 -1 -1 -1 -1 -1 -1 -1 -1 -1 -1 -1 -1 -1 -1 -1  
100 53 48 5 -1 45 18 17 14 11 -1 13 -1 -1 16 -1 -1 -1 42 37 28 23 -1 25 -1 27 -1 -1 30 -1 36 35 34 -1 -1 -1 -1 41 40 -1 -1 -1 44 -1 -1 47 -1 -1 52 51 -1 -1 -1 93 56 -1 64 59 -1 63 62 -1 -1 -1 74 67 -1 69 -1 71 -1 73 -1 -1 78 77 -1 -1 90 81 -1 89 84 -1 88 87 -1 -1 -1 -1 92 -1 -1 99 98 97 -1 -1 -1 -1 112 109 108 107 106 -1 -1 -1 -1 111 -1 -1 128 119 118 117 -1 -1 -1 121 -1 127 124 -1 126 -1 -1 -1 130 -1 134 133 -1 -1 -1 -1 -1 -1 -1  
116 99 10 5 -1 9 8 -1 -1 -1 92 13 -1 75 20 17 -1 19 -1 -1 22 -1 64 63 60 31 28 -1 30 -1 -1 59 40 35 -1 37 -1 39 -1 -1 42 -1 52 45 -1 47 -1 49 -1 51 -1 -1 56 55 -1 -1 58 -1 -1 -1 62 -1 -1 -1 66 -1 72 71 70 -1 -1 -1 74 -1 -1 91 78 -1 88 87 86 85 84 -1 -1 -1 -1 -1 90 -1 -1 -1 94 -1 98 97 -1 -1 -1 115 102 -1 110 109 108 107 -1 -1 -1 -1 114 113 -1 -1 -1 -1 124 123 122 121 -1 -1 -1 -1 -1 -1 -1 -1 -1 -1 -1 -1 -1 -1 -1 -1 -1 -1 -1  
94 85 84 61 14 13 12 9 -1 11 -1 -1 -1 -1 60 23 22 19 -1 21 -1 -1 -1 45 26 -1 44 29 -1 39 34 33 -1 -1 38 37 -1 -1 -1 41 -1 43 -1 -1 -1 47 -1 49 -1 51 -1 57 54 -1 56 -1 -1 59 -1 -1 -1 81 74 65 -1 73 72 69 -1 71 -1 -1 -1 -1 80 79 78 -1 -1 -1 -1 83 -1 -1 -1 91 88 -1 90 -1 -1 93 -1 -1 96 -1 138 99 -1 137 136 135 134 115 114 109 108 -1 -1 111 -1 113 -1 -1 -1 133 118 -1 124 121 -1 123 -1 -1 126 -1 132 131 130 -1 -1 -1 -1 -1 -1 -1 -1 -1 -1  
76 69 50 13 10 9 8 -1 -1 -1 12 -1 -1 23 16 -1 18 -1 20 -1 22 -1 -1 49 40 35 32 31 30 -1 -1 -1 34 -1 -1 37 -1 39 -1 -1 48 47 46 45 -1 -1 -1 -1 -1 -1 54 53 -1 -1 68 61 60 59 -1 -1 -1 67 66 65 -1 -1 -1 -1 -1 75 74 73 -1 -1 -1 -1 124 79 -1 81 -1 91 90 89 86 -1 88 -1 -1 -1 -1 103 94 -1 98 97 -1 -1 100 -1 102 -1 -1 105 -1 107 -1 109 -1 113 112 -1 -1 123 122 121 120 119 -1 -1 -1 -1 -1 -1 -1 -1 -1 -1 -1 -1 -1 -1 -1 -1 -1 -1 -1 -1 -1  
 
2.030972480773926 1.1465049982070923 223.25669860839844 0.5029565095901489 182.697265625 53.910743713378906 1.029595971107483 -2.0 -2.0 -2.0 -2.0 15.096914291381836 0.7804999947547913 1.0252325534820557 -2.0 -2.0 -2.0 0.5394999980926514 137.761474609375 -2.0 0.5275000333786011 -2.0 -2.0 1.0318129062652588 131.53298950195312 0.7506970167160034 1.019384503364563 0.716172456741333 0.6407475471496582 0.5425000190734863 -2.0 -2.0 -2.0 -2.0 -2.0 33.344390869140625 23.0050106048584 0.7850574851036072 -2.0 -2.0 -2.0 -2.0 192.63003540039062 -2.0 -2.0 18.821277618408203 16.196855545043945 -2.0 -2.0 149.30023193359375 0.5964999794960022 134.22210693359375 -2.0 -2.0 -2.0 31.499679565429688 -2.0 0.565500020980835 -2.0 0.718999981880188 155.88555908203125 -2.0 -2.0 -2.0 -2.0 1.5247784852981567 0.5143535137176514 1.441499948501587 112.92385864257812 -2.0 161.00711059570312 -2.0 -2.0 -2.0 1.203885555267334 -2.0 0.5155969858169556 -2.0 1.2200779914855957 -2.0 1.5230084657669067 1.0153000354766846 42.98221969604492 -2.0 -2.0 -2.0 -2.0 1.8740079402923584 -2.0 123.62150573730469 19.37217140197754 -2.0 -2.0 -2.0 0.9800000190734863 24.776762008666992 7.594250679016113 -2.0 4.081010818481445 135.11270141601562 0.7506924867630005 0.37700000405311584 -2.0 17.93148422241211 2.5588185787200928 -2.0 0.515999972820282 -2.0 -2.0 20.165481567382812 -2.0 22.761276245117188 -2.0 -2.0 -2.0 159.715576171875 -2.0 -2.0 -2.0 -2.0 3.325528621673584 2.063028335571289 19.312639236450195 -2.0 2.049673080444336 -2.0 -2.0 -2.0 -2.0 -1 -1 -1 -1 -1 -1 -1 -1 -1 -1  
7.782690048217773 44.942195892333984 43.8903923034668 -2.0 -2.0 -2.0 0.4996564984321594 35.29741668701172 135.2751007080078 -2.0 139.33370971679688 -2.0 -2.0 85.24657440185547 -2.0 139.52183532714844 -2.0 0.4100000262260437 -2.0 -2.0 58.238895416259766 0.9015849828720093 10.493629455566406 -2.0 4.080079555511475 0.5108050107955933 -2.0 26.307178497314453 19.46027183532715 19.039350509643555 12.393797874450684 -2.0 13.1558837890625 -2.0 1.0315380096435547 -2.0 0.7059999704360962 -2.0 61.082122802734375 -2.0 81.73834991455078 -2.0 98.32662963867188 -2.0 -2.0 -2.0 0.5475000143051147 -2.0 2.063450813293457 -2.0 113.51132202148438 -2.0 22.080440521240234 -2.0 -2.0 168.08441162109375 127.16755676269531 1.287024974822998 -2.0 36.55040740966797 -2.0 -2.0 1.277683973312378 -2.0 0.5915225148200989 -2.0 -2.0 -2.0 -2.0 75.88157653808594 1.9024999141693115 -2.0 -2.0 1.5467439889907837 27.444446563720703 94.81253051757812 0.9514999985694885 -2.0 -2.0 1.5230084657669067 -2.0 -2.0 0.5143535137176514 -2.0 103.50820922851562 -2.0 1.0152835845947266 37.731040954589844 -2.0 164.57933044433594 -2.0 -2.0 54.145450592041016 154.4236297607422 1.5193839073181152 -2.0 1.5253474712371826 -2.0 -2.0 36.99867248535156 -2.0 -2.0 -2.0 2.049673080444336 95.35021209716797 11.974632263183594 -2.0 -2.0 -2.0 2.548473358154297 36.62594223022461 -2.0 -2.0 100.1163330078125 17.418865203857422 -2.0 -2.0 -2.0 81.10574340820312 1.5373530387878418 -2.0 1.0165250301361084 -2.0 -2.0 -2.0 -1 -1 -1 -1 -1 -1 -1 -1 -1 -1 -1 -1 -1 -1  
1.0136854648590088 0.558895468711853 30.428852081298828 -2.0 -2.0 0.5145214796066284 24.721113204956055 -2.0 0.5143535137176514 169.5693359375 -2.0 193.1505126953125 -2.0 -2.0 -2.0 -2.0 48.309661865234375 -2.0 55.47814178466797 -2.0 1.5161110162734985 61.317344665527344 172.75244140625 34.90065002441406 28.436771392822266 4.3390092849731445 27.179826736450195 2.0386669635772705 1.0175530910491943 1.0156455039978027 -2.0 85.88113403320312 -2.0 24.645124435424805 -2.0 -2.0 61.353240966796875 -2.0 0.39329248666763306 125.49667358398438 -2.0 -2.0 1.018228530883789 103.23831176757812 -2.0 -2.0 -2.0 148.29042053222656 126.9273910522461 1.0450760126113892 2.304903984069824 0.3305000066757202 -2.0 2.063007354736328 2.060795307159424 -2.0 -2.0 -2.0 3.3055973052978516 -2.0 3.5597457885742188 -2.0 -2.0 2.049673080444336 -2.0 120.48020935058594 -2.0 -2.0 -2.0 2.5860300064086914 -2.0 -2.0 1.0320794582366943 -2.0 0.8415000438690186 -2.0 -2.0 -2.0 31.100072860717773 1.027766466140747 -2.0 1.5470860004425049 30.361385345458984 -2.0 -2.0 -2.0 -2.0 168.14578247070312 39.449127197265625 -2.0 46.51170349121094 -2.0 -2.0 1.5450210571289062 -2.0 -2.0 45.02178955078125 -2.0 209.36285400390625 -2.0 -2.0 0.6469999551773071 -2.0 -2.0 1.5265100002288818 1.7615000009536743 -2.0 -2.0 1.8905079364776611 -2.0 1.9383015632629395 25.515718460083008 -2.0 1.5436069965362549 -2.0 -2.0 -2.0 -1 -1 -1 -1 -1 -1 -1 -1 -1 -1 -1 -1 -1 -1 -1 -1 -1 -1 -1 -1 -1 -1  
0.5001565217971802 0.43714550137519836 34.3508415222168 157.00119018554688 -2.0 -2.0 -2.0 0.44099998474121094 -2.0 71.24786376953125 0.4868515133857727 -2.0 -2.0 -2.0 38.96363830566406 47.924766540527344 -2.0 31.89529037475586 67.3785400390625 7.589930534362793 -2.0 2.304607391357422 -2.0 57.312599182128906 -2.0 -2.0 0.5525000095367432 139.85533142089844 -2.0 30.864994049072266 -2.0 -2.0 30.034076690673828 80.40077209472656 18.088390350341797 -2.0 1.003000020980835 -2.0 -2.0 117.8114013671875 102.6486587524414 0.7506970167160034 16.184532165527344 13.923519134521484 -2.0 -2.0 -2.0 2.0365970134735107 11.974632263183594 -2.0 1.0320940017700195 1.0175530910491943 -2.0 0.9195940494537354 15.637090682983398 1.2825005054473877 -2.0 -2.0 -2.0 -2.0 94.81253051757812 -2.0 23.954692840576172 -2.0 -2.0 1.0110759735107422 -2.0 -2.0 -2.0 17.57341957092285 1.465499997138977 -2.0 -2.0 0.8155574798583984 123.37594604492188 -2.0 0.7195000052452087 -2.0 -2.0 1.009124994277954 29.525169372558594 -2.0 -2.0 -2.0 31.409591674804688 -2.0 1.5190000534057617 -2.0 -2.0 35.06259536743164 -2.0 126.66412353515625 -2.0 168.69981384277344 38.07176208496094 -2.0 -2.0 -2.0 3.344390869140625 224.59201049804688 179.67578125 1.8109920024871826 150.50213623046875 -2.0 151.5899658203125 -2.0 1.3442094326019287 -2.0 161.90074157714844 -2.0 -2.0 1.0196884870529175 -2.0 -2.0 1.2690355777740479 217.17617797851562 -2.0 -2.0 -2.0 -2.0 -2.0 -1 -1 -1 -1 -1 -1 -1 -1 -1 -1 -1 -1 -1 -1 -1 -1 -1 -1  
1.522621989250183 68.77925109863281 0.531000018119812 -2.0 -2.0 1.1100000143051147 1.019108533859253 78.78773498535156 72.98867797851562 -2.0 -2.0 0.5077924728393555 -2.0 178.85791015625 -2.0 0.6340000033378601 -2.0 -2.0 1.0266950130462646 -2.0 1.2744874954223633 0.7511969804763794 1.029071569442749 -2.0 36.08926010131836 -2.0 1.0320384502410889 -2.0 -2.0 0.9375 -2.0 1.0309325456619263 48.25817108154297 -2.0 -2.0 -2.0 -2.0 84.32014465332031 -2.0 118.61997985839844 -2.0 126.71398162841797 -2.0 193.5016326904297 -2.0 1.2648074626922607 0.7602670192718506 -2.0 -2.0 -2.0 7.558638095855713 1.546257495880127 1.5336719751358032 -2.0 -2.0 -2.0 0.5809890031814575 192.09478759765625 23.536714553833008 20.493606567382812 0.5024999976158142 0.4375 -2.0 2.2964370250701904 -2.0 -2.0 0.534000039100647 -2.0 -2.0 21.488990783691406 -2.0 23.126476287841797 -2.0 -2.0 35.585166931152344 -2.0 36.311668395996094 -2.0 -2.0 0.48500001430511475 0.36464548110961914 85.24657440185547 -2.0 -2.0 -2.0 -2.0 0.9800000190734863 95.09474182128906 1.5459940433502197 -2.0 2.5588185787200928 -2.0 73.97918701171875 -2.0 -2.0 221.477783203125 0.5945000052452087 -2.0 18.18893814086914 1.7901010513305664 -2.0 -2.0 1.791288137435913 0.8730000257492065 1.5329844951629639 -2.0 117.76151275634766 -2.0 31.82893180847168 -2.0 159.82626342773438 -2.0 0.7170225381851196 -2.0 -2.0 -2.0 -2.0 -2.0 17.56924057006836 1.792846441268921 -2.0 9.424356460571289 -2.0 -2.0 1.5247784852981567 -2.0 1.5439720153808594 -2.0 18.39132308959961 -2.0 28.424083709716797 -2.0 1.545549988746643 -2.0 30.299638748168945 -2.0 182.68923950195312 -2.0 -2.0  
48.778900146484375 -2.0 38.96363830566406 4.3390092849731445 130.3995361328125 0.5086469650268555 -2.0 53.215972900390625 -2.0 0.4090000092983246 -2.0 0.6566370129585266 73.15518188476562 -2.0 0.7641940116882324 -2.0 84.88931274414062 -2.0 0.5029565095901489 97.56797790527344 -2.0 -2.0 2.0079104900360107 -2.0 100.18386840820312 -2.0 0.6085000038146973 -2.0 -2.0 125.17105865478516 1.0149705410003662 1.6697444915771484 -2.0 1.6832444667816162 -2.0 -2.0 1.513611078262329 0.7164999842643738 22.58718490600586 -2.0 -2.0 0.7506970167160034 1.0252325534820557 -2.0 -2.0 1.0157439708709717 -2.0 23.214534759521484 72.50413513183594 -2.0 0.7795000076293945 -2.0 0.8429999947547913 -2.0 2.0381484031677246 -2.0 20.196044921875 -2.0 22.243879318237305 -2.0 -2.0 1.3675694465637207 -2.0 -2.0 23.169185638427734 -2.0 -2.0 1.0261740684509277 -2.0 1.516373634338379 -2.0 -2.0 1.5438430309295654 36.2243766784668 150.80856323242188 35.097984313964844 1.1045000553131104 -2.0 -2.0 -2.0 -2.0 0.6115000247955322 -2.0 167.00982666015625 -2.0 -2.0 2.5860300064086914 1.6414730548858643 140.78298950195312 24.857707977294922 23.128158569335938 -2.0 -2.0 -2.0 -2.0 152.83372497558594 -2.0 -2.0 3.0942625999450684 -2.0 -2.0 -2.0 705.4937744140625 211.1417694091797 -2.0 61.317344665527344 0.7814689874649048 -2.0 -2.0 -2.0 875.6520385742188 0.4100000262260437 -2.0 -2.0 -2.0 -1 -1 -1 -1 -1 -1 -1 -1 -1 -1 -1 -1 -1 -1 -1 -1 -1 -1 -1 -1 -1 -1 -1 -1  
35.37858581542969 0.815841019153595 140.78298950195312 5.718992233276367 -2.0 0.7450180053710938 0.4723514914512634 4.121335506439209 17.703414916992188 86.62887573242188 -2.0 0.3460000157356262 -2.0 -2.0 0.3937925100326538 -2.0 -2.0 -2.0 134.2404022216797 0.6520000100135803 12.342598915100098 1.5352230072021484 -2.0 59.69590759277344 -2.0 65.80706787109375 -2.0 -2.0 116.35111999511719 -2.0 1.7918055057525635 117.76151275634766 0.5709999799728394 -2.0 -2.0 -2.0 -2.0 0.715999960899353 22.58718490600586 -2.0 -2.0 -2.0 136.74330139160156 -2.0 -2.0 1.0180715322494507 -2.0 -2.0 1.2760894298553467 0.6069999933242798 -2.0 -2.0 -2.0 123.44830322265625 7.621312618255615 -2.0 75.72459411621094 69.04229736328125 -2.0 1.2845804691314697 2.3107833862304688 -2.0 -2.0 -2.0 1.5470370054244995 0.5091370344161987 -2.0 24.388988494873047 -2.0 0.7654500007629395 -2.0 25.352378845214844 -2.0 -2.0 0.8885849714279175 4.340071678161621 -2.0 -2.0 116.95947265625 91.98040771484375 -2.0 1.810499906539917 95.35021209716797 -2.0 19.312639236450195 2.032935619354248 -2.0 -2.0 -2.0 -2.0 119.59158325195312 -2.0 -2.0 31.84518814086914 1.0334224700927734 0.9965000152587891 -2.0 -2.0 -2.0 -2.0 0.5674999952316284 0.5399999618530273 0.49668198823928833 0.4660000205039978 1119.3282470703125 -2.0 -2.0 -2.0 -2.0 52.075714111328125 -2.0 -2.0 45.65360641479492 0.5150389671325684 38.57875061035156 0.5075985193252563 -2.0 -2.0 -2.0 145.2099609375 -2.0 1.4779999256134033 0.718999981880188 -2.0 1.5307495594024658 -2.0 -2.0 -2.0 179.67578125 -2.0 332.1141662597656 1.4429999589920044 -2.0 -2.0 -2.0 -1 -1 -1 -1  
49.898921966552734 158.91012573242188 0.5001565217971802 2.812167167663574 -2.0 16.941970825195312 0.23440149426460266 -2.0 -2.0 -2.0 1.7974729537963867 46.98063278198242 -2.0 1.1340000629425049 0.5499999523162842 30.864994049072266 -2.0 34.301292419433594 -2.0 -2.0 55.57383728027344 -2.0 34.25482940673828 31.44957733154297 149.19754028320312 68.49801635742188 2.5749049186706543 -2.0 0.9960000514984131 -2.0 -2.0 4.60271692276001 88.94136810302734 1.008447527885437 -2.0 1.5451995134353638 -2.0 14.551460266113281 -2.0 -2.0 99.76612091064453 -2.0 0.8165575265884399 114.66317749023438 -2.0 116.12150573730469 -2.0 133.18545532226562 -2.0 134.07656860351562 -2.0 -2.0 28.673160552978516 4.086227893829346 -2.0 -2.0 30.703330993652344 -2.0 -2.0 -2.0 151.281494140625 -2.0 -2.0 -2.0 0.5674999952316284 -2.0 40.03953552246094 128.62612915039062 0.5083739757537842 -2.0 -2.0 -2.0 0.6725000143051147 -2.0 -2.0 3.0684449672698975 1.250499963760376 -2.0 32.20817565917969 1.5161110162734985 2.0609049797058105 1.0278174877166748 1.4145694971084595 -2.0 -2.0 -2.0 -2.0 -2.0 39.58268356323242 -2.0 -2.0 -2.0 1.5193839073181152 -2.0 82.7280502319336 9.424356460571289 -2.0 -2.0 -2.0 234.70774841308594 35.45183563232422 -2.0 178.09432983398438 1.5429154634475708 0.5446159839630127 1.535228967666626 -2.0 -2.0 -2.0 -2.0 1.2698090076446533 212.47708129882812 -2.0 -2.0 -2.0 -2.0 2.7863855361938477 1.0320249795913696 0.9903299808502197 204.51992797851562 -2.0 -2.0 -2.0 -2.0 -2.0 -1 -1 -1 -1 -1 -1 -1 -1 -1 -1 -1 -1 -1 -1  
2.0334482192993164 50.25651550292969 1.678417444229126 1.5418344736099243 0.5674999952316284 0.5499999523162842 1.5266034603118896 0.4908049702644348 -2.0 103.37094116210938 -2.0 -2.0 -2.0 -2.0 174.26283264160156 0.7511969804763794 1.0211949348449707 18.971630096435547 -2.0 31.97936248779297 -2.0 -2.0 -2.0 1.0167779922485352 19.68255615234375 -2.0 1.0089225769042969 24.721113204956055 -2.0 1.6697444915771484 0.5088640451431274 110.38978576660156 -2.0 -2.0 1.2995049953460693 113.93939971923828 -2.0 -2.0 -2.0 1.7535359859466553 -2.0 0.5150820016860962 -2.0 -2.0 -2.0 88.93608093261719 -2.0 99.41339111328125 -2.0 103.817626953125 -2.0 145.076416015625 29.329368591308594 -2.0 126.70230865478516 -2.0 -2.0 1.8970000743865967 -2.0 -2.0 -2.0 37.31427764892578 1.5475355386734009 6.5798516273498535 -2.0 22.087726593017578 21.95439910888672 0.7489999532699585 -2.0 13.706533432006836 -2.0 -2.0 -2.0 -2.0 154.4236297607422 108.81745910644531 84.5408935546875 -2.0 -2.0 -2.0 -2.0 39.77531814575195 -2.0 -2.0 -2.0 185.99688720703125 180.51626586914062 -2.0 61.317344665527344 -2.0 -2.0 902.1700439453125 -2.0 -2.0 7.3701982498168945 -2.0 158.7985382080078 55.07126998901367 -2.0 4.3390092849731445 34.44110107421875 1.8055000305175781 1.561500072479248 107.47389221191406 0.9229304790496826 10.493629455566406 2.3210196495056152 -2.0 -2.0 2.0628204345703125 -2.0 106.18135070800781 -2.0 -2.0 -2.0 157.00119018554688 2.063007354736328 -2.0 2.3003830909729004 0.624500036239624 -2.0 0.6875 -2.0 -2.0 136.56198120117188 -2.0 1.0319225788116455 0.7820000052452087 2.5793139934539795 -2.0 -2.0 -2.0 -2.0 -2.0 -2.0 -2.0 -2.0 -2.0 -2.0  
0.9015849828720093 194.32467651367188 127.43031311035156 0.5001565217971802 118.11561584472656 16.776859283447266 0.406000018119812 -2.0 -2.0 -2.0 19.06452178955078 -2.0 -2.0 0.593500018119812 0.7641940116882324 -2.0 0.5525000095367432 -2.0 16.015775680541992 -2.0 114.66317749023438 -2.0 -2.0 0.8280575275421143 0.715999960899353 117.76151275634766 18.625152587890625 12.393797874450684 68.7255859375 -2.0 -2.0 -2.0 89.60751342773438 -2.0 -2.0 1.0285764932632446 -2.0 2.070674419403076 -2.0 -2.0 2.30458402633667 1.0315380096435547 1.0300304889678955 12.01382827758789 -2.0 -2.0 -2.0 -2.0 -2.0 -2.0 0.4069820046424866 0.31529250741004944 -2.0 -2.0 1.546288013458252 35.097984313964844 1.5450940132141113 0.8575000166893005 -2.0 -2.0 -2.0 0.7170225381851196 0.565500020980835 37.388519287109375 -2.0 -2.0 -2.0 -2.0 -2.0 0.8569999933242798 215.03567504882812 1.7805914878845215 -2.0 -2.0 -2.0 -2.0 3.611970901489258 0.5086565017700195 -2.0 9.424356460571289 -2.0 20.552181243896484 94.52853393554688 91.98040771484375 17.075550079345703 -2.0 18.79009246826172 -2.0 -2.0 -2.0 -2.0 101.48075103759766 0.9514999985694885 -2.0 0.7654500007629395 0.5145214796066284 -2.0 -2.0 1.2794995307922363 -2.0 1.686500072479248 -2.0 -2.0 28.827898025512695 -2.0 30.034076690673828 -2.0 0.5090075135231018 -2.0 123.44830322265625 114.39863586425781 -2.0 -2.0 2.5354976654052734 1.5334129333496094 1.522545576095581 0.974329948425293 173.14312744140625 -2.0 -2.0 -2.0 -2.0 -2.0 -2.0 -2.0 -1 -1 -1 -1 -1 -1 -1 -1 -1 -1 -1 -1 -1 -1  
 
2 3 1 3 1 1 2 -1 -1 -1 -1 0 3 2 -1 -1 -1 3 1 -1 3 -1 -1 2 1 3 2 3 3 3 -1 -1 -1 -1 -1 0 0 3 -1 -1 -1 -1 1 -1 -1 0 0 -1 -1 1 3 1 -1 -1 -1 0 -1 3 -1 3 1 -1 -1 -1 -1 2 2 3 1 -1 1 -1 -1 -1 3 -1 2 -1 3 -1 2 2 0 -1 -1 -1 -1 3 -1 1 0 -1 -1 -1 3 0 0 -1 2 1 3 3 -1 0 2 -1 3 -1 -1 0 -1 0 -1 -1 -1 1 -1 -1 -1 -1 2 2 0 -1 2 -1 -1 -1 -1 -1 -1 -1 -1 -1 -1 -1 -1 -1 -1  
0 1 1 -1 -1 -1 3 0 1 -1 1 -1 -1 0 -1 0 -1 3 -1 -1 0 3 0 -1 2 3 -1 0 0 0 0 -1 0 -1 2 -1 3 -1 1 -1 1 -1 1 -1 -1 -1 3 -1 2 -1 1 -1 0 -1 -1 1 1 2 -1 0 -1 -1 2 -1 3 -1 -1 -1 -1 1 3 -1 -1 2 0 1 3 -1 -1 2 -1 -1 2 -1 1 -1 2 0 -1 1 -1 -1 0 1 2 -1 2 -1 -1 0 -1 -1 -1 2 1 0 -1 -1 -1 2 0 -1 -1 1 0 -1 -1 -1 0 2 -1 3 -1 -1 -1 -1 -1 -1 -1 -1 -1 -1 -1 -1 -1 -1 -1 -1 -1  
2 3 0 -1 -1 2 0 -1 2 1 -1 1 -1 -1 -1 -1 1 -1 1 -1 3 0 1 0 0 2 0 2 2 2 -1 1 -1 0 -1 -1 1 -1 3 1 -1 -1 2 1 -1 -1 -1 1 1 3 2 3 -1 2 2 -1 -1 -1 2 -1 2 -1 -1 2 -1 1 -1 -1 -1 2 -1 -1 2 -1 3 -1 -1 -1 0 2 -1 2 0 -1 -1 -1 -1 1 0 -1 0 -1 -1 2 -1 -1 0 -1 1 -1 -1 3 -1 -1 2 3 -1 -1 3 -1 3 0 -1 2 -1 -1 -1 -1 -1 -1 -1 -1 -1 -1 -1 -1 -1 -1 -1 -1 -1 -1 -1 -1 -1 -1 -1 -1 -1  
3 3 0 1 -1 -1 -1 3 -1 1 3 -1 -1 -1 0 1 -1 0 1 0 -1 2 -1 1 -1 -1 3 1 -1 0 -1 -1 0 1 0 -1 3 -1 -1 1 1 3 0 0 -1 -1 -1 2 0 -1 3 2 -1 3 0 2 -1 -1 -1 -1 1 -1 0 -1 -1 3 -1 -1 -1 0 3 -1 -1 3 1 -1 3 -1 -1 2 0 -1 -1 -1 0 -1 3 -1 -1 0 -1 1 -1 1 0 -1 -1 -1 2 1 1 3 1 -1 1 -1 3 -1 1 -1 -1 2 -1 -1 2 1 -1 -1 -1 -1 -1 -1 -1 -1 -1 -1 -1 -1 -1 -1 -1 -1 -1 -1 -1 -1 -1 -1 -1  
2 1 3 -1 -1 3 2 1 1 -1 -1 2 -1 1 -1 3 -1 -1 2 -1 2 3 2 -1 0 -1 2 -1 -1 3 -1 2 0 -1 -1 -1 -1 1 -1 1 -1 1 -1 1 -1 2 2 -1 -1 -1 0 2 2 -1 -1 -1 3 1 0 0 3 3 -1 2 -1 -1 3 -1 -1 0 -1 0 -1 -1 0 -1 0 -1 -1 3 3 0 -1 -1 -1 -1 3 1 2 -1 2 -1 1 -1 -1 1 3 -1 0 2 -1 -1 2 3 2 -1 1 -1 0 -1 1 -1 3 -1 -1 -1 -1 -1 0 3 -1 0 -1 -1 2 -1 2 -1 0 -1 0 -1 2 -1 0 -1 1 -1 -1  
1 -1 0 2 1 2 -1 1 -1 3 -1 3 1 -1 2 -1 1 -1 3 1 -1 -1 2 -1 1 -1 3 -1 -1 1 2 3 -1 3 -1 -1 3 3 0 -1 -1 3 2 -1 -1 2 -1 0 1 -1 3 -1 3 -1 2 -1 0 -1 0 -1 -1 3 -1 -1 0 -1 -1 2 -1 2 -1 -1 2 0 1 0 3 -1 -1 -1 -1 3 -1 1 -1 -1 2 3 1 0 0 -1 -1 -1 -1 1 -1 -1 2 -1 -1 -1 1 1 -1 0 3 -1 -1 -1 1 3 -1 -1 -1 -1 -1 -1 -1 -1 -1 -1 -1 -1 -1 -1 -1 -1 -1 -1 -1 -1 -1 -1 -1 -1 -1 -1 -1  
0 3 1 0 -1 3 3 2 0 1 -1 3 -1 -1 3 -1 -1 -1 1 3 0 2 -1 1 -1 1 -1 -1 1 -1 2 1 3 -1 -1 -1 -1 3 0 -1 -1 -1 1 -1 -1 2 -1 -1 2 3 -1 -1 -1 1 0 -1 1 1 -1 3 2 -1 -1 -1 2 2 -1 0 -1 2 -1 0 -1 -1 3 2 -1 -1 1 1 -1 3 1 -1 0 2 -1 -1 -1 -1 1 -1 -1 0 3 3 -1 -1 -1 -1 3 3 3 3 1 -1 -1 -1 -1 0 -1 -1 0 2 0 2 -1 -1 -1 1 -1 3 3 -1 2 -1 -1 -1 1 -1 1 3 -1 -1 -1 -1 -1 -1 -1  
0 1 3 2 -1 0 3 -1 -1 -1 3 1 -1 3 3 0 -1 0 -1 -1 1 -1 0 0 1 1 2 -1 3 -1 -1 2 1 2 -1 2 -1 0 -1 -1 1 -1 3 1 -1 1 -1 1 -1 1 -1 -1 0 2 -1 -1 0 -1 -1 -1 1 -1 -1 -1 3 -1 0 1 2 -1 -1 -1 3 -1 -1 2 3 -1 0 3 2 2 3 -1 -1 -1 -1 -1 0 -1 -1 -1 2 -1 1 0 -1 -1 -1 1 0 -1 1 2 3 2 -1 -1 -1 -1 2 1 -1 -1 -1 -1 2 3 3 0 -1 -1 -1 -1 -1 -1 -1 -1 -1 -1 -1 -1 -1 -1 -1 -1 -1 -1 -1  
2 0 2 2 3 3 2 3 -1 1 -1 -1 -1 -1 1 3 2 0 -1 0 -1 -1 -1 2 0 -1 2 0 -1 3 2 1 -1 -1 3 1 -1 -1 -1 3 -1 2 -1 -1 -1 1 -1 1 -1 1 -1 1 0 -1 1 -1 -1 3 -1 -1 -1 0 3 0 -1 0 0 3 -1 0 -1 -1 -1 -1 1 1 1 -1 -1 -1 -1 0 -1 -1 -1 0 1 -1 0 -1 -1 1 -1 -1 0 -1 1 1 -1 2 0 3 3 1 3 0 2 -1 -1 2 -1 1 -1 -1 -1 1 2 -1 2 3 -1 3 -1 -1 1 -1 3 3 2 -1 -1 -1 -1 -1 -1 -1 -1 -1 -1  
3 1 1 3 1 0 3 -1 -1 -1 0 -1 -1 3 2 -1 3 -1 0 -1 1 -1 -1 3 3 1 0 0 1 -1 -1 -1 1 -1 -1 2 -1 2 -1 -1 2 2 2 0 -1 -1 -1 -1 -1 -1 3 3 -1 -1 2 0 2 3 -1 -1 -1 3 3 0 -1 -1 -1 -1 -1 3 1 2 -1 -1 -1 -1 2 2 -1 0 -1 0 1 1 0 -1 0 -1 -1 -1 -1 1 3 -1 2 2 -1 -1 2 -1 3 -1 -1 0 -1 0 -1 2 -1 1 1 -1 -1 2 2 2 3 1 -1 -1 -1 -1 -1 -1 -1 -1 -1 -1 -1 -1 -1 -1 -1 -1 -1 -1 -1 -1 -1  
 
1 1 1 1 1 1 1 0 1 0 1 1 1 1 0 1 1 1 1 1 1 0 1 1 1 1 1 1 1 1 0 1 0 1 1 1 1 1 0 1 0 1 1 1 0 1 1 0 1 1 1 1 1 0 0 1 1 1 0 1 1 0 1 0 1 1 1 1 1 1 1 0 1 1 1 1 1 0 1 0 1 1 1 1 0 1 0 1 1 1 1 1 0 1 1 1 1 0 1 1 1 1 0 1 1 1 1 1 0 1 0 1 1 0 0 1 1 0 1 0 1 1 1 0 1 1 0 1 0 -1 -1 -1 -1 -1 -1 -1 -1 -1 -1  
1 1 1 0 1 0 1 1 1 0 1 1 0 1 1 1 0 1 1 0 1 1 1 1 1 1 1 1 1 1 1 0 1 1 1 0 1 0 1 1 1 0 1 1 0 1 1 1 1 0 1 0 1 0 1 1 1 1 1 1 0 1 1 0 1 0 1 0 1 1 1 1 0 1 1 1 1 1 0 1 1 0 1 1 1 0 1 1 0 1 1 0 1 1 1 1 1 0 1 1 0 1 0 1 1 1 1 0 1 1 1 0 1 1 1 1 0 1 1 1 1 1 0 1 1 -1 -1 -1 -1 -1 -1 -1 -1 -1 -1 -1 -1 -1 -1  
1 1 1 1 0 1 1 0 1 1 1 1 0 1 0 1 1 0 1 1 1 1 1 1 1 1 1 1 1 1 0 1 1 1 1 0 1 1 1 1 0 1 1 1 0 1 0 1 1 1 1 1 0 1 1 1 0 1 1 0 1 1 0 1 1 1 0 1 0 1 0 1 1 1 1 0 1 1 1 1 1 1 1 0 1 0 0 1 1 1 1 0 1 1 0 1 1 0 1 1 0 1 1 0 1 1 1 0 1 1 1 1 0 1 1 0 1 -1 -1 -1 -1 -1 -1 -1 -1 -1 -1 -1 -1 -1 -1 -1 -1 -1 -1 -1 -1 -1 -1  
1 1 1 1 0 1 1 1 1 1 1 1 0 0 1 1 0 1 1 1 0 1 1 1 1 0 1 1 1 1 1 0 1 1 1 0 1 1 0 1 1 1 1 1 1 0 1 1 1 1 1 1 1 1 1 1 0 1 0 1 1 0 1 1 0 1 0 1 0 1 1 0 1 1 1 1 1 1 0 1 1 1 0 1 1 1 1 0 1 1 0 1 0 1 1 1 0 0 1 1 1 1 1 1 1 0 1 1 1 0 1 1 1 0 1 1 1 0 0 1 0 -1 -1 -1 -1 -1 -1 -1 -1 -1 -1 -1 -1 -1 -1 -1 -1 -1 -1  
1 1 1 0 1 1 1 1 1 0 1 1 1 1 0 1 0 1 1 1 1 1 1 0 1 1 1 0 1 1 0 1 1 1 0 0 1 1 0 1 1 1 0 1 1 1 1 1 0 1 1 1 1 0 1 0 1 1 1 1 1 1 0 1 0 1 1 1 0 1 1 1 0 1 1 0 1 1 0 1 1 1 1 0 1 0 1 1 1 0 1 1 1 1 0 1 1 1 1 1 1 0 1 1 1 1 1 0 1 1 1 0 1 1 0 0 0 1 1 1 1 1 0 1 1 0 1 1 1 0 1 1 1 0 1 0 1 1 0  
1 0 1 1 1 1 1 1 1 1 0 1 1 1 1 0 1 0 1 1 1 0 1 1 1 1 1 1 0 1 1 1 0 1 1 0 1 1 1 0 1 1 1 0 1 1 1 1 1 0 1 0 1 1 1 0 1 1 1 0 1 1 0 1 1 1 0 1 1 1 0 1 1 1 1 1 1 0 1 1 1 1 0 1 1 0 1 1 1 1 1 0 1 0 0 1 1 0 1 1 0 1 1 1 1 1 1 1 0 1 1 1 1 0 1 -1 -1 -1 -1 -1 -1 -1 -1 -1 -1 -1 -1 -1 -1 -1 -1 -1 -1 -1 -1 -1 -1 -1 -1  
1 1 1 1 0 1 1 1 1 1 0 1 0 1 1 1 0 1 1 1 1 1 0 1 1 1 0 1 1 1 1 1 1 1 0 1 0 1 1 0 1 1 1 0 1 1 1 0 1 1 1 0 0 1 1 0 1 1 1 1 1 0 1 1 1 1 1 1 0 1 1 1 1 0 1 1 0 1 1 1 1 1 1 0 1 1 1 0 1 0 1 0 1 1 1 1 1 0 1 0 1 1 1 1 1 1 0 0 1 1 0 1 1 1 1 1 1 0 1 1 1 1 1 1 1 1 0 0 1 1 1 1 0 1 1 -1 -1 -1 -1  
1 1 1 1 0 1 1 1 0 1 1 1 0 1 1 1 1 1 0 1 1 1 1 1 1 1 1 1 1 0 1 1 1 1 1 1 0 1 0 1 1 1 1 1 0 1 1 1 0 1 1 0 1 1 1 0 1 0 1 1 1 1 0 0 1 0 1 1 1 1 0 1 1 1 0 1 1 1 1 1 1 1 1 0 1 0 1 1 1 0 1 0 1 1 1 1 0 1 0 1 1 0 1 1 1 1 1 0 0 1 1 1 1 0 0 1 1 1 1 1 1 0 0 1 0 -1 -1 -1 -1 -1 -1 -1 -1 -1 -1 -1 -1 -1 -1  
1 1 1 1 1 1 1 1 0 1 0 1 1 0 1 1 1 1 0 1 1 0 1 1 1 1 1 1 0 1 1 1 1 0 1 1 1 0 0 1 1 1 0 1 1 1 0 1 1 1 0 1 1 1 1 0 1 1 0 1 0 1 1 1 1 1 1 1 0 1 0 1 1 0 1 1 1 1 0 1 0 1 1 0 1 1 1 1 1 0 1 1 0 1 1 0 1 1 1 1 1 1 1 1 1 1 1 1 0 1 1 1 0 1 1 1 1 0 1 1 1 1 0 1 1 0 1 1 1 0 1 0 1 1 1 0 1 1 0  
1 1 1 1 1 1 1 0 1 0 1 1 0 1 1 0 1 1 1 1 1 0 1 1 1 1 1 1 1 0 1 1 1 1 0 1 0 1 1 0 1 1 1 1 0 1 0 1 0 0 1 1 0 1 1 1 1 1 0 1 1 1 1 1 1 0 1 0 0 1 1 1 1 0 1 0 1 1 1 1 0 1 1 1 1 1 1 0 1 0 1 1 1 1 1 1 0 1 1 0 1 1 0 1 1 1 0 1 0 1 1 1 0 1 1 1 1 1 1 0 1 0 1 0 0 -1 -1 -1 -1 -1 -1 -1 -1 -1 -1 -1 -1 -1 -1  