1 
1  2  3  4  5  6  7  -1  -1  -1  -1  12  13  -1  -1  16  -1  -1  19  20  21  -1  23  -1  25  -1  -1  -1  29  -1  -1  32  33  34  35  -1  -1  38  39  -1  -1  42  -1  44  45  -1  47  -1  49  50  -1  -1  -1  54  -1  56  -1  -1  -1  -1  61  62  63  64  -1  -1  67  68  -1  -1  -1  -1  73  74  -1  -1  -1
60  31  18  11  10  9  8  -1  -1  -1  -1  15  14  -1  -1  17  -1  -1  28  27  22  -1  24  -1  26  -1  -1  -1  30  -1  -1  59  58  37  36  -1  -1  41  40  -1  -1  43  -1  53  46  -1  48  -1  52  51  -1  -1  -1  55  -1  57  -1  -1  -1  -1  72  71  66  65  -1  -1  70  69  -1  -1  -1  -1  76  75  -1  -1  -1
0.03090599924325943  -0.017154499888420105  0.15286150574684143  0.12365150451660156  0.0005184999899938703  0.2187960147857666  0.17745549976825714  -2.0  -2.0  -2.0  -2.0  -0.040583498775959015  0.20284149050712585  -2.0  -2.0  0.005465500056743622  -2.0  -2.0  0.4578459858894348  1.1075270175933838  0.2985590100288391  -2.0  0.26168352365493774  -2.0  -0.011235499754548073  -2.0  -2.0  -2.0  2.413315534591675  -2.0  -2.0  0.838379979133606  0.2098889946937561  0.03646999970078468  0.030304498970508575  -2.0  -2.0  -0.013233499601483345  0.3100855052471161  -2.0  -2.0  0.0026650000363588333  -2.0  0.13993650674819946  0.29295551776885986  -2.0  0.13188651204109192  -2.0  0.01543049979954958  0.3872160017490387  -2.0  -2.0  -2.0  0.15461450815200806  -2.0  0.0120235001668334  -2.0  -2.0  -2.0  -2.0  0.5115280151367188  0.027207501232624054  0.37370601296424866  0.06473900377750397  -2.0  -2.0  0.03325100243091583  0.24149949848651886  -2.0  -2.0  -2.0  -2.0  0.5387439727783203  -0.004308000206947327  -2.0  -2.0  -2.0
2  2  1  1  0  3  4  -1  -1  -1  -1  2  4  -1  -1  0  -1  -1  3  4  4  -1  3  -1  0  -1  -1  -1  1  -1  -1  4  3  1  1  -1  -1  2  4  -1  -1  0  -1  3  4  -1  1  -1  0  4  -1  -1  -1  3  -1  2  -1  -1  -1  -1  3  0  4  2  -1  -1  2  3  -1  -1  -1  -1  3  0  -1  -1  -1
0  0  0  0  0  0  0  0  1  0  1  0  0  0  1  0  0  1  0  0  0  0  0  1  0  0  1  0  0  0  1  0  0  0  0  1  0  0  0  1  0  0  1  0  0  0  0  1  0  0  1  0  1  0  0  0  1  0  0  0  0  0  0  0  1  0  0  0  1  0  1  0  0  0  1  0  0
1 
1  2  3  4  -1  -1  7  8  9  -1  -1  12  13  -1  -1  -1  -1  18  19  -1  -1  -1  23  24  25  -1  27  28  29  -1  -1  -1  33  -1  35  -1  37  -1  -1  40  -1  -1  43  44  45  46  -1  -1  -1  50  -1  52  53  -1  -1  -1  57  58  59  -1  61  -1  -1  -1  65  -1  67  68  -1  -1  -1
22  17  6  5  -1  -1  16  11  10  -1  -1  15  14  -1  -1  -1  -1  21  20  -1  -1  -1  42  39  26  -1  32  31  30  -1  -1  -1  34  -1  36  -1  38  -1  -1  41  -1  -1  56  49  48  47  -1  -1  -1  51  -1  55  54  -1  -1  -1  64  63  60  -1  62  -1  -1  -1  66  -1  70  69  -1  -1  -1
0.11721749603748322  0.15901601314544678  0.3071115016937256  0.07678650319576263  -2.0  -2.0  0.06560549885034561  -0.015242500230669975  0.09143950045108795  -2.0  -2.0  0.03506249934434891  0.030304498970508575  -2.0  -2.0  -2.0  -2.0  -0.023633498698472977  -0.0005915001966059208  -2.0  -2.0  -2.0  0.21836701035499573  0.1313145011663437  -0.020421499386429787  -2.0  0.010655499994754791  0.12356649339199066  0.13031649589538574  -2.0  -2.0  -2.0  0.01101549994200468  -2.0  0.016128499060869217  -2.0  0.0908450037240982  -2.0  -2.0  0.1408655047416687  -2.0  -2.0  -0.07715900242328644  0.4849194884300232  0.2737950086593628  0.4728519916534424  -2.0  -2.0  -2.0  1.1785905361175537  -2.0  1.8086735010147095  -0.27535200119018555  -2.0  -2.0  -2.0  0.10147349536418915  0.6088430285453796  0.24509499967098236  -2.0  0.5705350041389465  -2.0  -2.0  -2.0  0.5115655064582825  -2.0  1.4245250225067139  0.3827170133590698  -2.0  -2.0  -2.0
1  3  4  3  -1  -1  2  0  1  -1  -1  1  1  -1  -1  -1  -1  2  0  -1  -1  -1  3  2  0  -1  0  1  3  -1  -1  -1  0  -1  2  -1  3  -1  -1  3  -1  -1  2  3  3  1  -1  -1  -1  4  -1  4  0  -1  -1  -1  2  4  3  -1  3  -1  -1  -1  4  -1  4  2  -1  -1  -1
0  0  0  0  1  0  0  0  0  0  1  0  0  1  0  1  0  0  0  0  1  0  0  0  0  0  0  0  0  1  0  1  0  0  0  1  0  0  1  0  0  1  0  0  0  0  1  0  1  0  0  0  0  0  1  0  0  0  0  0  0  1  0  0  0  0  0  0  1  0  0
1 
1  2  3  4  -1  -1  7  8  -1  -1  -1  12  13  14  15  -1  17  -1  -1  -1  21  -1  23  -1  25  26  -1  28  -1  -1  -1  -1  33  34  -1  36  37  38  -1  -1  -1  -1  43  44  45  46  -1  -1  49  -1  51  -1  -1  -1  55  -1  57  -1  -1
32  11  6  5  -1  -1  10  9  -1  -1  -1  31  20  19  16  -1  18  -1  -1  -1  22  -1  24  -1  30  27  -1  29  -1  -1  -1  -1  42  35  -1  41  40  39  -1  -1  -1  -1  54  53  48  47  -1  -1  50  -1  52  -1  -1  -1  56  -1  58  -1  -1
0.2598010003566742  0.2926410138607025  -0.00408599991351366  0.14205899834632874  -2.0  -2.0  0.07828900218009949  0.1176995038986206  -2.0  -2.0  -2.0  0.412060022354126  0.00922350026667118  0.0592459999024868  0.5440040230751038  -2.0  0.17222300171852112  -2.0  -2.0  -2.0  0.003965999931097031  -2.0  0.07738550007343292  -2.0  0.13690650463104248  0.103923000395298  -2.0  0.6021655201911926  -2.0  -2.0  -2.0  -2.0  -0.1218625009059906  0.817847490310669  -2.0  -0.013687499798834324  -0.07314950227737427  1.2687724828720093  -2.0  -2.0  -2.0  -2.0  0.4107614755630493  0.4067479968070984  0.30962198972702026  0.05536950007081032  -2.0  -2.0  0.003173000179231167  -2.0  0.4120115041732788  -2.0  -2.0  -2.0  0.4641129970550537  -2.0  0.49564599990844727  -2.0  -2.0
3  4  0  3  -1  -1  3  4  -1  -1  -1  2  0  1  4  -1  3  -1  -1  -1  2  -1  1  -1  1  1  -1  4  -1  -1  -1  -1  2  4  -1  0  0  3  -1  -1  -1  -1  3  3  1  2  -1  -1  0  -1  4  -1  -1  -1  1  -1  3  -1  -1
0  0  0  0  1  0  0  0  0  1  0  0  0  0  0  1  0  1  0  1  0  1  0  0  0  0  1  0  0  1  1  0  0  0  0  0  0  0  1  0  0  1  0  0  0  0  0  1  0  1  0  1  0  1  0  0  0  1  0
1 
1  2  -1  4  5  6  -1  -1  9  10  11  -1  -1  14  -1  16  -1  -1  -1  20  -1  22  23  24  -1  26  -1  -1  -1  30  -1  -1  33  34  -1  -1  37  38  39  -1  -1  -1  43  44  45  46  47  -1  -1  -1  51  -1  -1  54  55  -1  -1  -1  -1
32  3  -1  19  8  7  -1  -1  18  13  12  -1  -1  15  -1  17  -1  -1  -1  21  -1  29  28  25  -1  27  -1  -1  -1  31  -1  -1  36  35  -1  -1  42  41  40  -1  -1  -1  58  53  50  49  48  -1  -1  -1  52  -1  -1  57  56  -1  -1  -1  -1
0.21950849890708923  0.21461999416351318  -2.0  0.009177500382065773  -0.02282949909567833  0.08701600134372711  -2.0  -2.0  0.39534997940063477  -0.013423999771475792  0.17386001348495483  -2.0  -2.0  0.23535600304603577  -2.0  0.002704000100493431  -2.0  -2.0  -2.0  0.06473600119352341  -2.0  0.44537848234176636  0.013018999248743057  0.06516599655151367  -2.0  0.1750040054321289  -2.0  -2.0  -2.0  0.9119189977645874  -2.0  -2.0  -0.09830749779939651  -0.6401184797286987  -2.0  -2.0  -0.09778550267219543  0.4849194884300232  -0.02592100016772747  -2.0  -2.0  -2.0  0.5109305381774902  0.35027000308036804  0.015478500165045261  0.22728849947452545  0.11223649978637695  -2.0  -2.0  -2.0  0.0021844999864697456  -2.0  -2.0  0.8248955011367798  0.10166700184345245  -2.0  -2.0  -2.0  -2.0
3  4  -1  0  0  1  -1  -1  4  0  1  -1  -1  1  -1  0  -1  -1  -1  1  -1  4  0  3  -1  1  -1  -1  -1  4  -1  -1  0  2  -1  -1  2  3  0  -1  -1  -1  3  1  0  3  1  -1  -1  -1  2  -1  -1  1  2  -1  -1  -1  -1
0  0  0  0  0  0  0  1  0  0  0  0  1  0  1  0  1  0  1  0  0  0  0  0  1  0  0  1  1  0  1  0  0  0  1  0  0  0  0  0  1  0  0  0  0  0  0  1  0  0  0  1  0  0  0  0  1  0  0
1 
1  2  3  4  -1  6  -1  -1  9  10  -1  -1  13  14  15  16  17  -1  -1  -1  -1  22  -1  -1  -1  26  27  28  -1  -1  31  -1  -1  34  35  -1  37  -1  -1  -1  41  42  -1  44  -1  46  -1  -1  49  50  -1  52  -1  -1  -1
40  25  8  5  -1  7  -1  -1  12  11  -1  -1  24  21  20  19  18  -1  -1  -1  -1  23  -1  -1  -1  33  30  29  -1  -1  32  -1  -1  39  36  -1  38  -1  -1  -1  48  43  -1  45  -1  47  -1  -1  54  51  -1  53  -1  -1  -1
0.023394498974084854  0.6996525526046753  0.2918485105037689  0.24383050203323364  -2.0  0.26417550444602966  -2.0  -2.0  -0.026128999888896942  -0.030599499121308327  -2.0  -2.0  0.3569275140762329  0.013276500627398491  -0.015381000004708767  0.1362369954586029  0.5155539512634277  -2.0  -2.0  -2.0  -2.0  0.015450999140739441  -2.0  -2.0  -2.0  0.9226834774017334  -0.039698999375104904  0.3188070058822632  -2.0  -2.0  0.08393649756908417  -2.0  -2.0  -0.10625550150871277  0.46645450592041016  -2.0  -1.3039909601211548  -2.0  -2.0  -2.0  0.003292500041425228  0.8242390155792236  -2.0  -0.016544999554753304  -2.0  0.07649649679660797  -2.0  -2.0  0.8189190030097961  0.030903499573469162  -2.0  0.3728620111942291  -2.0  -2.0  -2.0
2  4  4  4  -1  4  -1  -1  2  0  -1  -1  3  2  0  3  4  -1  -1  -1  -1  2  -1  -1  -1  4  2  3  -1  -1  3  -1  -1  2  3  -1  2  -1  -1  -1  0  4  -1  0  -1  2  -1  -1  4  2  -1  4  -1  -1  -1
0  0  0  0  0  0  1  0  0  0  0  1  0  0  0  0  0  0  1  1  1  0  0  1  0  0  0  0  1  0  0  1  0  0  0  1  0  1  0  0  0  0  1  0  0  0  0  1  0  0  0  0  0  1  0
1 
1  2  3  4  5  -1  7  -1  -1  10  -1  12  -1  -1  15  16  17  -1  -1  -1  21  22  -1  -1  25  26  -1  28  -1  -1  31  32  -1  34  -1  -1  -1  38  39  -1  41  -1  -1  44  -1  46  -1  -1  49  50  51  52  -1  54  -1  56  -1  -1  -1  -1  -1
48  37  14  9  6  -1  8  -1  -1  11  -1  13  -1  -1  20  19  18  -1  -1  -1  24  23  -1  -1  30  27  -1  29  -1  -1  36  33  -1  35  -1  -1  -1  43  40  -1  42  -1  -1  45  -1  47  -1  -1  60  59  58  53  -1  55  -1  57  -1  -1  -1  -1  -1
0.031731002032756805  0.261509507894516  -0.01726049929857254  0.28581300377845764  0.10086600482463837  -2.0  0.13405901193618774  -2.0  -2.0  -0.036937497556209564  -2.0  -0.03576900064945221  -2.0  -2.0  0.29295551776885986  0.04605399817228317  0.11129249632358551  -2.0  -2.0  -2.0  -0.0018454999662935734  -0.005574500188231468  -2.0  -2.0  0.13993650674819946  0.13188651204109192  -2.0  0.07904849946498871  -2.0  -2.0  0.24281299114227295  0.017859000712633133  -2.0  0.018759500235319138  -2.0  -2.0  -2.0  0.3569275140762329  -0.07488450407981873  -2.0  0.3462204933166504  -2.0  -2.0  0.5616694688796997  -2.0  0.679985523223877  -2.0  -2.0  0.5387439727783203  0.4459789991378784  0.5391169786453247  0.008772499859333038  -2.0  0.010870000347495079  -2.0  0.31966298818588257  -2.0  -2.0  -2.0  -2.0  -2.0
2  3  2  4  1  -1  1  -1  -1  2  -1  2  -1  -1  4  1  3  -1  -1  -1  0  2  -1  -1  3  1  -1  3  -1  -1  3  0  -1  0  -1  -1  -1  3  2  -1  3  -1  -1  1  -1  1  -1  -1  3  2  1  0  -1  0  -1  3  -1  -1  -1  -1  -1
0  0  0  0  0  0  0  1  0  0  1  0  0  1  0  0  0  1  0  0  0  0  0  1  0  0  1  0  0  1  0  0  0  0  1  0  1  0  0  1  0  0  1  0  0  0  1  0  0  0  0  0  1  0  0  0  1  0  0  0  0
1 
1  2  3  4  -1  -1  7  8  9  -1  -1  -1  13  -1  -1  -1  17  18  19  20  -1  22  -1  -1  25  -1  27  -1  29  30  -1  -1  33  -1  -1  -1  37  38  39  -1  -1  42  43  44  45  -1  -1  -1  -1  50  51  52  -1  -1  -1  -1  57  58  59  60  -1  -1  63  -1  65  -1  -1  -1  -1
16  15  6  5  -1  -1  12  11  10  -1  -1  -1  14  -1  -1  -1  36  35  24  21  -1  23  -1  -1  26  -1  28  -1  32  31  -1  -1  34  -1  -1  -1  56  41  40  -1  -1  49  48  47  46  -1  -1  -1  -1  55  54  53  -1  -1  -1  -1  68  67  62  61  -1  -1  64  -1  66  -1  -1  -1  -1
0.10044699907302856  0.15998050570487976  0.04943499714136124  0.0017794999293982983  -2.0  -2.0  0.14066199958324432  0.39534997940063477  0.3951035141944885  -2.0  -2.0  -2.0  0.15047550201416016  -2.0  -2.0  -2.0  0.7033305168151855  0.3409954905509949  -0.0007609999738633633  0.6254475116729736  -2.0  0.6375935077667236  -2.0  -2.0  -0.00024999998277053237  -2.0  0.21080449223518372  -2.0  0.3411009907722473  0.3222910165786743  -2.0  -2.0  0.07648050040006638  -2.0  -2.0  -2.0  1.1112204790115356  -0.13021700084209442  0.5034105181694031  -2.0  -2.0  0.3338935077190399  0.01828249916434288  0.05029050260782242  -0.024953000247478485  -2.0  -2.0  -2.0  -2.0  0.003173000179231167  0.5366685390472412  -0.025880999863147736  -2.0  -2.0  -2.0  -2.0  -0.0036964998580515385  0.13871249556541443  0.4574669897556305  0.3651279807090759  -2.0  -2.0  1.177361011505127  -2.0  1.1898634433746338  -2.0  -2.0  -2.0  -2.0
1  3  1  0  -1  -1  3  4  4  -1  -1  -1  3  -1  -1  -1  4  3  0  4  -1  4  -1  -1  0  -1  4  -1  4  4  -1  -1  3  -1  -1  -1  4  2  3  -1  -1  1  0  2  0  -1  -1  -1  -1  0  3  0  -1  -1  -1  -1  0  2  3  1  -1  -1  3  -1  3  -1  -1  -1  -1
0  0  0  0  1  0  0  0  0  1  0  1  0  0  1  0  0  0  0  0  1  0  0  1  0  0  0  0  0  0  1  0  0  0  1  0  0  0  0  1  0  0  0  0  0  1  0  1  1  0  0  0  0  1  0  0  0  0  0  0  0  1  0  0  0  1  0  1  0
1 
1  2  3  4  5  -1  -1  -1  -1  10  11  12  -1  14  15  -1  17  -1  -1  20  21  -1  -1  24  25  -1  -1  -1  29  30  -1  -1  -1  34  35  36  -1  -1  -1  40  -1  -1  43  44  45  -1  -1  48  49  50  -1  -1  -1  -1  55  -1  -1
42  9  8  7  6  -1  -1  -1  -1  33  28  13  -1  19  16  -1  18  -1  -1  23  22  -1  -1  27  26  -1  -1  -1  32  31  -1  -1  -1  39  38  37  -1  -1  -1  41  -1  -1  54  47  46  -1  -1  53  52  51  -1  -1  -1  -1  56  -1  -1
0.33571499586105347  0.30993199348449707  -0.011975999921560287  0.13405901193618774  -0.02879450097680092  -2.0  -2.0  -2.0  -2.0  0.840689480304718  0.24198250472545624  0.03506249934434891  -2.0  0.01248599961400032  0.10391350090503693  -2.0  0.3332369923591614  -2.0  -2.0  0.07701699435710907  0.09387050569057465  -2.0  -2.0  0.08905300498008728  0.016009999439120293  -2.0  -2.0  -2.0  0.6811800003051758  0.24877449870109558  -2.0  -2.0  -2.0  0.26894450187683105  0.8536925315856934  -0.015919500961899757  -2.0  -2.0  -2.0  0.2724139988422394  -2.0  -2.0  0.12042099237442017  -0.09830749779939651  -1.3039909601211548  -2.0  -2.0  -0.10625550150871277  1.4030590057373047  -0.1559855043888092  -2.0  -2.0  -2.0  -2.0  -0.003047000151127577  -2.0  -2.0
3  4  2  1  2  -1  -1  -1  -1  4  3  1  -1  0  1  -1  4  -1  -1  3  1  -1  -1  1  0  -1  -1  -1  4  3  -1  -1  -1  1  4  2  -1  -1  -1  2  -1  -1  2  0  2  -1  -1  2  4  2  -1  -1  -1  -1  0  -1  -1
0  0  0  0  0  0  1  0  0  0  0  0  0  0  0  1  0  0  1  0  0  1  0  0  0  1  0  1  0  0  0  1  0  0  0  0  1  0  0  0  1  0  0  0  0  1  0  0  0  0  0  1  1  0  0  1  0
1 
1  2  3  -1  5  -1  7  8  -1  10  11  -1  -1  14  -1  16  -1  -1  19  -1  -1  22  23  -1  25  26  -1  28  29  -1  -1  -1  -1  -1  35  36  37  -1  39  40  41  -1  -1  -1  45  -1  47  48  -1  -1  -1  -1  53  54  55  -1  -1  58  -1  -1  61  62  -1  -1  65  -1  67  -1  -1
34  21  4  -1  6  -1  18  9  -1  13  12  -1  -1  15  -1  17  -1  -1  20  -1  -1  33  24  -1  32  27  -1  31  30  -1  -1  -1  -1  -1  52  51  38  -1  44  43  42  -1  -1  -1  46  -1  50  49  -1  -1  -1  -1  60  57  56  -1  -1  59  -1  -1  64  63  -1  -1  66  -1  68  -1  -1
0.1571349948644638  0.14528049528598785  0.17658200860023499  -2.0  -0.019204501062631607  -2.0  0.06864400207996368  0.0024250000715255737  -2.0  0.2918485105037689  0.008192500099539757  -2.0  -2.0  0.013276500627398491  -2.0  0.002861000131815672  -2.0  -2.0  0.07488100230693817  -2.0  -2.0  0.05097150057554245  -0.043141499161720276  -2.0  0.46198052167892456  -0.017117999494075775  -2.0  -0.029571998864412308  0.09432250261306763  -2.0  -2.0  -2.0  -2.0  -2.0  0.33761048316955566  0.5345180034637451  0.2925975024700165  -2.0  0.2662689983844757  0.11025050282478333  0.22947749495506287  -2.0  -2.0  -2.0  0.27906548976898193  -2.0  -0.08448649942874908  0.85173100233078  -2.0  -2.0  -2.0  -2.0  0.44561147689819336  0.07253800332546234  -0.09667949378490448  -2.0  -2.0  0.6628810167312622  -2.0  -2.0  -0.08164200186729431  1.3659179210662842  -2.0  -2.0  0.5733840465545654  -2.0  0.6020380258560181  -2.0  -2.0
1  3  4  -1  0  -1  2  0  -1  4  0  -1  -1  2  -1  0  -1  -1  2  -1  -1  2  2  -1  4  0  -1  2  1  -1  -1  -1  -1  -1  3  1  4  -1  3  3  1  -1  -1  -1  3  -1  2  4  -1  -1  -1  -1  3  2  2  -1  -1  4  -1  -1  0  4  -1  -1  1  -1  1  -1  -1
0  0  0  0  0  0  0  0  1  0  0  1  0  0  1  0  0  1  0  0  1  0  0  1  0  0  1  0  0  0  1  0  0  1  0  0  0  0  0  0  0  1  0  1  0  0  0  0  0  1  1  0  0  0  0  1  0  0  0  1  0  0  1  0  0  0  0  1  0
1 
1  2  3  -1  5  6  -1  -1  9  -1  11  12  -1  14  -1  -1  17  18  -1  -1  -1  22  -1  -1  25  26  27  28  -1  -1  -1  32  -1  34  35  -1  37  38  -1  -1  -1  -1  43  44  45  -1  47  48  49  -1  -1  -1  -1  -1  55  56  57  58  59  60  -1  -1  -1  -1  -1  -1  67  68  -1  -1  -1
24  21  4  -1  8  7  -1  -1  10  -1  16  13  -1  15  -1  -1  20  19  -1  -1  -1  23  -1  -1  42  31  30  29  -1  -1  -1  33  -1  41  36  -1  40  39  -1  -1  -1  -1  54  53  46  -1  52  51  50  -1  -1  -1  -1  -1  66  65  64  63  62  61  -1  -1  -1  -1  -1  -1  70  69  -1  -1  -1
0.10084900259971619  0.7149055004119873  0.28581300377845764  -2.0  0.3071115016937256  0.3001675009727478  -2.0  -2.0  -0.007524499669671059  -2.0  0.5911170244216919  0.005437000188976526  -2.0  0.08567200601100922  -2.0  -2.0  -0.0018029999919235706  0.6535999774932861  -2.0  -2.0  -2.0  0.13874399662017822  -2.0  -2.0  0.750789999961853  0.28586798906326294  0.13300299644470215  0.12427149713039398  -2.0  -2.0  -2.0  0.10153749585151672  -2.0  0.3409954905509949  0.009177500382065773  -2.0  0.11051049828529358  0.4363749921321869  -2.0  -2.0  -2.0  -2.0  0.35062500834465027  0.9283829927444458  -0.06616799533367157  -2.0  0.907272458076477  0.7993999719619751  0.7584785223007202  -2.0  -2.0  -2.0  -2.0  -2.0  0.5113710165023804  0.019894499331712723  0.04436900094151497  0.003657999914139509  0.4011150002479553  0.3651279807090759  -2.0  -2.0  -2.0  -2.0  -2.0  -2.0  -0.0728054940700531  -0.1325255036354065  -2.0  -2.0  -2.0
1  4  4  -1  4  4  -1  -1  2  -1  4  0  -1  1  -1  -1  2  4  -1  -1  -1  3  -1  -1  4  4  3  1  -1  -1  -1  1  -1  3  0  -1  1  4  -1  -1  -1  -1  1  4  2  -1  4  4  4  -1  -1  -1  -1  -1  3  0  2  0  1  1  -1  -1  -1  -1  -1  -1  0  0  -1  -1  -1
0  0  0  0  0  0  1  0  0  1  0  0  1  0  1  0  0  0  0  1  1  0  1  0  0  0  0  0  1  0  0  0  0  0  0  1  0  0  0  1  1  0  0  0  0  1  0  0  0  0  1  0  1  0  0  0  0  0  0  0  0  1  0  1  1  0  0  0  0  1  0
