1 
1  2  3  -1  5  -1  7  8  -1  -1  -1  -1  13  14  15  -1  -1  -1  19  20  21  22  -1  -1  25  26  -1  28  -1  -1  31  -1  33  -1  -1  36  37  38  -1  -1  -1  42  43  -1  45  -1  47  -1  49  50  -1  52  53  54  -1  -1  57  -1  59  -1  -1  -1  63  -1  -1  66  67  -1  -1  -1  71  72  -1  -1  -1
12  11  4  -1  6  -1  10  9  -1  -1  -1  -1  18  17  16  -1  -1  -1  70  35  24  23  -1  -1  30  27  -1  29  -1  -1  32  -1  34  -1  -1  41  40  39  -1  -1  -1  65  44  -1  46  -1  48  -1  62  51  -1  61  56  55  -1  -1  58  -1  60  -1  -1  -1  64  -1  -1  69  68  -1  -1  -1  74  73  -1  -1  -1
0.7236925363540649  0.04197949916124344  0.031302500516176224  -2.0  0.30754250288009644  -2.0  1.0174000263214111  0.44411349296569824  -2.0  -2.0  -2.0  -2.0  0.6786404848098755  0.9938210248947144  1.0436949729919434  -2.0  -2.0  -2.0  2.3258235454559326  1.3123899698257446  0.8236985206604004  0.9823199510574341  -2.0  -2.0  0.249471515417099  1.1682870388031006  -2.0  1.1745104789733887  -2.0  -2.0  1.1590900421142578  -2.0  1.7648005485534668  -2.0  -2.0  0.9991595149040222  0.9941854476928711  1.51682448387146  -2.0  -2.0  -2.0  0.23289600014686584  1.010321021080017  -2.0  1.3393259048461914  -2.0  1.0104495286941528  -2.0  0.44146597385406494  1.5037879943847656  -2.0  0.22652798891067505  1.588892936706543  1.925961971282959  -2.0  -2.0  1.0159680843353271  -2.0  1.0204395055770874  -2.0  -2.0  -2.0  1.8046424388885498  -2.0  -2.0  1.0176039934158325  1.0131205320358276  -2.0  -2.0  -2.0  0.029047999531030655  1.0093615055084229  -2.0  -2.0  -2.0
1  3  3  -1  0  -1  2  0  -1  -1  -1  -1  0  2  1  -1  -1  -1  0  1  1  2  -1  -1  3  1  -1  1  -1  -1  1  -1  0  -1  -1  2  2  1  -1  -1  -1  3  2  -1  1  -1  2  -1  4  1  -1  3  1  0  -1  -1  2  -1  2  -1  -1  -1  0  -1  -1  2  2  -1  -1  -1  4  2  -1  -1  -1
0  0  0  0  0  0  0  0  1  0  0  0  0  0  0  1  0  0  0  0  0  0  0  1  0  0  1  0  0  1  0  1  0  0  1  0  0  0  0  1  0  0  0  1  0  0  0  0  0  0  1  0  0  0  1  0  0  1  0  0  1  0  0  0  1  0  0  0  1  0  0  0  0  1  1
1 
1  2  -1  4  -1  -1  7  8  -1  10  11  12  -1  -1  -1  16  17  18  19  -1  21  22  -1  -1  -1  -1  -1  28  29  -1  31  -1  -1  -1  35  36  37  38  -1  -1  -1  42  43  44  -1  -1  -1  48  -1  -1  51  -1  53  54  -1  -1  57  -1  -1
6  3  -1  5  -1  -1  34  9  -1  15  14  13  -1  -1  -1  27  26  25  20  -1  24  23  -1  -1  -1  -1  -1  33  30  -1  32  -1  -1  -1  50  41  40  39  -1  -1  -1  47  46  45  -1  -1  -1  49  -1  -1  52  -1  56  55  -1  -1  58  -1  -1
0.6430200338363647  0.5819004774093628  -2.0  0.5829030275344849  -2.0  -2.0  0.20707300305366516  0.984526515007019  -2.0  0.7949514985084534  0.3764215111732483  1.0171514749526978  -2.0  -2.0  -2.0  0.04765300080180168  0.17622551321983337  0.17055900394916534  1.2723034620285034  -2.0  1.0129480361938477  0.014349499717354774  -2.0  -2.0  -2.0  -2.0  -2.0  0.9990310072898865  0.18142449855804443  -2.0  0.2527025043964386  -2.0  -2.0  -2.0  0.1461620032787323  0.025841500610113144  0.02162249945104122  0.9240545034408569  -2.0  -2.0  -2.0  2.4787585735321045  0.21685050427913666  0.21115350723266602  -2.0  -2.0  -2.0  0.33761298656463623  -2.0  -2.0  1.3597614765167236  -2.0  1.5582740306854248  2.3116209506988525  -2.0  -2.0  2.0390028953552246  -2.0  -2.0
0  0  -1  0  -1  -1  3  2  -1  1  4  2  -1  -1  -1  4  3  3  1  -1  2  4  -1  -1  -1  -1  -1  2  3  -1  4  -1  -1  -1  4  4  4  1  -1  -1  -1  0  3  3  -1  -1  -1  3  -1  -1  1  -1  1  0  -1  -1  0  -1  -1
0  0  0  0  1  0  0  0  0  0  0  0  1  0  0  0  0  0  0  1  0  0  1  0  1  0  1  0  0  1  0  1  0  1  0  0  0  0  1  0  1  0  0  0  0  1  0  0  1  0  0  1  0  0  0  1  0  0  1
1 
1  2  -1  4  5  -1  7  8  9  -1  11  -1  13  -1  -1  -1  -1  18  19  -1  21  -1  -1  24  25  -1  27  -1  -1  30  31  -1  -1  -1  35  36  -1  38  -1  -1  41  -1  43  44  45  -1  -1  -1  49  50  51  52  -1  -1  55  -1  57  -1  -1  60  61  62  63  -1  -1  -1  -1  68  69  70  -1  -1  -1  -1  -1
34  3  -1  17  6  -1  16  15  10  -1  12  -1  14  -1  -1  -1  -1  23  20  -1  22  -1  -1  29  26  -1  28  -1  -1  33  32  -1  -1  -1  40  37  -1  39  -1  -1  42  -1  48  47  46  -1  -1  -1  74  59  54  53  -1  -1  56  -1  58  -1  -1  67  66  65  64  -1  -1  -1  -1  73  72  71  -1  -1  -1  -1  -1
0.14352849125862122  0.6098060011863708  -2.0  0.19806700944900513  0.9762129783630371  -2.0  1.5078449249267578  1.0102084875106812  0.016708500683307648  -2.0  0.9903115034103394  -2.0  0.10636050254106522  -2.0  -2.0  -2.0  -2.0  0.030062999576330185  0.2317724972963333  -2.0  1.5282515287399292  -2.0  -2.0  0.04911850020289421  0.25442248582839966  -2.0  1.547458529472351  -2.0  -2.0  1.4055625200271606  1.2778055667877197  -2.0  -2.0  -2.0  0.08320200443267822  0.06336399912834167  -2.0  1.0012760162353516  -2.0  -2.0  0.983658492565155  -2.0  0.9991379976272583  0.12834100425243378  0.5793235301971436  -2.0  -2.0  -2.0  2.230410099029541  1.3964920043945312  0.16129949688911438  1.0033559799194336  -2.0  -2.0  1.1764074563980103  -2.0  1.0394365787506104  -2.0  -2.0  0.2037149965763092  1.7367780208587646  1.658562421798706  1.0025869607925415  -2.0  -2.0  -2.0  -2.0  1.0309720039367676  1.0161914825439453  0.3916205167770386  -2.0  -2.0  -2.0  -2.0  -2.0
4  1  -1  3  2  -1  0  2  4  -1  2  -1  3  -1  -1  -1  -1  4  3  -1  0  -1  -1  4  3  -1  1  -1  -1  1  0  -1  -1  -1  3  3  -1  2  -1  -1  2  -1  0  3  0  -1  -1  -1  0  1  4  2  -1  -1  1  -1  2  -1  -1  3  0  0  2  -1  -1  -1  -1  2  2  4  -1  -1  -1  -1  -1
0  0  0  0  0  0  0  0  0  1  0  1  0  1  0  0  1  0  0  0  0  1  0  0  0  1  0  0  1  0  0  0  1  0  0  0  0  0  1  0  0  0  0  0  0  0  1  0  0  0  0  0  0  1  0  1  0  1  0  0  0  0  0  0  1  0  1  0  0  0  1  0  0  1  1
1 
1  2  -1  4  -1  6  7  -1  -1  -1  11  12  13  14  -1  -1  17  18  19  -1  21  -1  23  -1  25  26  -1  28  -1  30  31  -1  -1  -1  35  -1  -1  -1  39  40  -1  -1  43  -1  45  -1  -1  -1  49  50  51  52  -1  54  -1  -1  -1  58  59  -1  61  -1  -1  -1  65  -1  -1
10  3  -1  5  -1  9  8  -1  -1  -1  48  47  16  15  -1  -1  38  37  20  -1  22  -1  24  -1  34  27  -1  29  -1  33  32  -1  -1  -1  36  -1  -1  -1  42  41  -1  -1  44  -1  46  -1  -1  -1  64  57  56  53  -1  55  -1  -1  -1  63  60  -1  62  -1  -1  -1  66  -1  -1
0.5917930006980896  1.0117454528808594  -2.0  1.0121450424194336  -2.0  1.0172035694122314  1.0169665813446045  -2.0  -2.0  -2.0  0.22046300768852234  1.056060552597046  0.7056934833526611  1.015723466873169  -2.0  -2.0  0.227463498711586  0.2151149958372116  0.9837819933891296  -2.0  1.2806024551391602  -2.0  0.1153545007109642  -2.0  1.0007524490356445  0.1574299931526184  -2.0  1.7076489925384521  -2.0  1.7248799800872803  0.9974609613418579  -2.0  -2.0  -2.0  2.0700669288635254  -2.0  -2.0  -2.0  0.9991595149040222  0.9989205002784729  -2.0  -2.0  1.3964920043945312  -2.0  1.4161125421524048  -2.0  -2.0  -2.0  2.3285365104675293  1.3626134395599365  0.09943249821662903  0.23785650730133057  -2.0  1.0092910528182983  -2.0  -2.0  -2.0  2.1676619052886963  0.15869100391864777  -2.0  0.3140909969806671  -2.0  -2.0  -2.0  2.4419779777526855  -2.0  -2.0
0  2  -1  2  -1  2  2  -1  -1  -1  3  2  1  2  -1  -1  4  3  2  -1  0  -1  3  -1  2  3  -1  0  -1  1  2  -1  -1  -1  1  -1  -1  -1  2  2  -1  -1  1  -1  1  -1  -1  -1  0  1  4  3  -1  1  -1  -1  -1  1  4  -1  4  -1  -1  -1  1  -1  -1
0  0  0  0  1  0  0  0  1  0  0  0  0  0  1  0  0  0  0  0  0  1  0  0  0  0  1  0  0  0  0  1  0  1  0  1  0  0  0  0  1  0  0  1  0  0  1  0  0  0  0  0  1  0  0  1  1  0  0  0  0  1  0  1  0  1  0
1 
1  2  3  -1  -1  -1  7  -1  9  10  11  12  13  14  15  16  -1  -1  -1  -1  -1  -1  23  -1  -1  26  -1  28  29  30  -1  -1  -1  34  -1  36  -1  -1  39  40  41  42  43  -1  -1  46  -1  48  -1  -1  -1  -1  53  -1  55  -1  57  58  -1  60  61  -1  -1  -1  65  -1  67  -1  69  70  -1  -1  -1
6  5  4  -1  -1  -1  8  -1  38  25  22  21  20  19  18  17  -1  -1  -1  -1  -1  -1  24  -1  -1  27  -1  33  32  31  -1  -1  -1  35  -1  37  -1  -1  52  51  50  45  44  -1  -1  47  -1  49  -1  -1  -1  -1  54  -1  56  -1  64  59  -1  63  62  -1  -1  -1  66  -1  68  -1  72  71  -1  -1  -1
0.5858579874038696  0.0161920003592968  1.0390479564666748  -2.0  -2.0  -2.0  0.6430200338363647  -2.0  0.07743999361991882  0.2014695107936859  1.7520354986190796  1.0039734840393066  0.155799999833107  1.002765417098999  0.020128000527620316  1.116015911102295  -2.0  -2.0  -2.0  -2.0  -2.0  -2.0  0.02592499926686287  -2.0  -2.0  0.9818649888038635  -2.0  1.222267985343933  2.141793966293335  1.2090150117874146  -2.0  -2.0  -2.0  0.2649635076522827  -2.0  1.9575945138931274  -2.0  -2.0  0.21474500000476837  1.7367780208587646  1.7331124544143677  0.9972845315933228  0.1853715032339096  -2.0  -2.0  0.20861750841140747  -2.0  0.21101200580596924  -2.0  -2.0  -2.0  -2.0  1.1590900421142578  -2.0  0.21522900462150574  -2.0  2.032047986984253  0.2198379933834076  -2.0  1.3956165313720703  0.3443725109100342  -2.0  -2.0  -2.0  0.6054500341415405  -2.0  0.6425650119781494  -2.0  0.2784860134124756  1.0348525047302246  -2.0  -2.0  -2.0
1  1  4  -1  -1  -1  0  -1  4  3  1  2  3  2  4  0  -1  -1  -1  -1  -1  -1  4  -1  -1  2  -1  1  0  0  -1  -1  -1  3  -1  1  -1  -1  3  0  0  2  4  -1  -1  3  -1  3  -1  -1  -1  -1  1  -1  3  -1  0  3  -1  1  4  -1  -1  -1  4  -1  4  -1  3  2  -1  -1  -1
0  0  0  1  0  0  0  0  0  0  0  0  0  0  0  0  1  0  1  0  0  1  0  0  1  0  1  0  0  0  0  1  0  0  0  0  1  0  0  0  0  0  0  0  1  0  1  0  0  1  0  1  0  1  0  0  0  0  1  0  0  1  0  0  0  1  0  0  0  0  1  0  1
1 
1  2  3  4  -1  -1  7  -1  9  10  11  -1  -1  -1  -1  -1  17  -1  19  -1  21  22  23  24  -1  -1  -1  28  29  30  31  -1  33  -1  35  -1  37  -1  -1  -1  41  42  -1  44  -1  -1  47  48  49  -1  -1  -1  53  -1  -1  -1  57  58  59  60  61  62  -1  -1  -1  -1  -1  68  -1  70  71  72  -1  74  75  -1  -1  -1  -1  80  -1  82  -1  84  -1  -1  87  88  -1  -1  -1
16  15  6  5  -1  -1  8  -1  14  13  12  -1  -1  -1  -1  -1  18  -1  20  -1  56  27  26  25  -1  -1  -1  55  40  39  32  -1  34  -1  36  -1  38  -1  -1  -1  46  43  -1  45  -1  -1  52  51  50  -1  -1  -1  54  -1  -1  -1  86  67  66  65  64  63  -1  -1  -1  -1  -1  69  -1  79  78  73  -1  77  76  -1  -1  -1  -1  81  -1  83  -1  85  -1  -1  90  89  -1  -1  -1
0.09026049822568893  0.6970640420913696  0.0161920003592968  1.0390479564666748  -2.0  -2.0  1.0110729932785034  -2.0  0.9740675091743469  1.0174000263214111  0.39588701725006104  -2.0  -2.0  -2.0  -2.0  -2.0  0.5858579874038696  -2.0  0.6373180150985718  -2.0  0.13576599955558777  1.3326234817504883  0.8876019716262817  0.023685000836849213  -2.0  -2.0  -2.0  1.0453240871429443  1.7924940586090088  1.7520354986190796  0.022291000932455063  -2.0  1.52183198928833  -2.0  1.6254429817199707  -2.0  0.17653100192546844  -2.0  -2.0  -2.0  0.20353949069976807  1.0159680843353271  -2.0  0.028556998819112778  -2.0  -2.0  0.2547004818916321  0.053024500608444214  1.9130475521087646  -2.0  -2.0  -2.0  1.681372046470642  -2.0  -2.0  -2.0  0.2675580084323883  0.198635995388031  1.749900460243225  1.6530544757843018  1.1678764820098877  1.2911369800567627  -2.0  -2.0  -2.0  -2.0  -2.0  0.19925500452518463  -2.0  1.6574214696884155  1.6131749153137207  0.9982174634933472  -2.0  0.5735794901847839  0.4408875107765198  -2.0  -2.0  -2.0  -2.0  0.6054500341415405  -2.0  2.122347354888916  -2.0  0.7394084930419922  -2.0  -2.0  0.2848829925060272  2.1013898849487305  -2.0  -2.0  -2.0
3  1  1  4  -1  -1  2  -1  4  2  0  -1  -1  -1  -1  -1  1  -1  0  -1  4  0  0  4  -1  -1  -1  2  0  1  4  -1  0  -1  0  -1  3  -1  -1  -1  3  2  -1  4  -1  -1  3  4  1  -1  -1  -1  1  -1  -1  -1  3  3  0  1  0  1  -1  -1  -1  -1  -1  3  -1  0  0  2  -1  4  4  -1  -1  -1  -1  4  -1  0  -1  4  -1  -1  3  1  -1  -1  -1
0  0  0  0  1  0  0  0  0  0  0  0  1  0  1  1  0  0  0  0  0  0  0  0  1  0  1  0  0  0  0  1  0  0  0  1  0  1  0  0  0  0  1  0  0  1  0  0  0  0  1  0  0  1  0  0  0  0  0  0  0  0  1  0  1  0  1  0  0  0  0  0  0  0  0  1  0  1  0  0  1  0  1  0  0  1  0  0  0  1  1
1 
1  2  3  4  5  -1  -1  -1  -1  10  -1  -1  13  14  -1  16  17  18  19  -1  21  -1  -1  -1  25  26  -1  28  -1  -1  31  -1  33  -1  35  -1  -1  38  39  40  -1  42  -1  44  -1  -1  -1  -1  49  50  -1  52  53  54  -1  56  -1  58  -1  -1  61  -1  63  -1  65  -1  -1  -1  69  70  -1  -1  73  -1  75  76  77  78  -1  80  81  -1  -1  -1  -1  86  -1  -1  -1
12  9  8  7  6  -1  -1  -1  -1  11  -1  -1  48  15  -1  37  24  23  20  -1  22  -1  -1  -1  30  27  -1  29  -1  -1  32  -1  34  -1  36  -1  -1  47  46  41  -1  43  -1  45  -1  -1  -1  -1  68  51  -1  67  60  55  -1  57  -1  59  -1  -1  62  -1  64  -1  66  -1  -1  -1  72  71  -1  -1  74  -1  88  85  84  79  -1  83  82  -1  -1  -1  -1  87  -1  -1  -1
0.5858579874038696  0.8852519989013672  0.06386400014162064  0.03900900110602379  0.03275550156831741  -2.0  -2.0  -2.0  -2.0  0.4374135136604309  -2.0  -2.0  0.2037149965763092  0.5626344680786133  -2.0  1.505420446395874  0.1319195032119751  0.027100499719381332  0.9463235139846802  -2.0  1.2655165195465088  -2.0  -2.0  -2.0  1.149245023727417  0.14092999696731567  -2.0  0.19757600128650665  -2.0  -2.0  0.014349499717354774  -2.0  0.1853715032339096  -2.0  0.993332028388977  -2.0  -2.0  0.5100744962692261  0.46612548828125  0.9762129783630371  -2.0  0.198635995388031  -2.0  0.19925500452518463  -2.0  -2.0  -2.0  -2.0  0.1461620032787323  1.5713545083999634  -2.0  1.0453240871429443  0.0278485007584095  1.0247365236282349  -2.0  2.0605010986328125  -2.0  2.5435476303100586  -2.0  -2.0  2.1433606147766113  -2.0  0.23422600328922272  -2.0  2.315037488937378  -2.0  -2.0  -2.0  0.9978115558624268  1.96377694606781  -2.0  -2.0  0.22595250606536865  -2.0  2.3285365104675293  1.467057466506958  0.2493945062160492  0.6439875364303589  -2.0  1.4131035804748535  0.49016350507736206  -2.0  -2.0  -2.0  -2.0  0.21266449987888336  -2.0  -2.0  -2.0
1  4  4  3  3  -1  -1  -1  -1  0  -1  -1  3  0  -1  0  3  4  1  -1  1  -1  -1  -1  0  3  -1  3  -1  -1  4  -1  4  -1  2  -1  -1  4  4  2  -1  3  -1  3  -1  -1  -1  -1  4  0  -1  2  4  2  -1  0  -1  0  -1  -1  0  -1  3  -1  0  -1  -1  -1  2  1  -1  -1  4  -1  0  1  3  0  -1  0  4  -1  -1  -1  -1  3  -1  -1  -1
0  0  0  0  0  0  1  0  0  0  1  0  0  0  0  0  0  0  0  1  0  0  1  1  0  0  0  0  1  0  0  1  0  0  0  1  0  0  0  0  0  0  1  0  0  1  0  1  0  0  0  0  0  0  0  0  1  0  0  1  0  1  0  1  0  0  1  0  0  0  0  1  0  1  0  0  0  0  0  0  0  0  1  1  0  0  1  0  1
1 
1  2  -1  4  5  -1  7  8  -1  -1  -1  -1  13  14  15  16  17  18  19  -1  -1  -1  23  -1  25  26  27  28  -1  -1  -1  -1  -1  -1  35  36  -1  38  39  40  41  -1  -1  -1  -1  -1  47  48  49  50  51  -1  -1  -1  55  -1  -1  58  59  60  61  -1  -1  -1  -1  -1  -1  68  69  -1  -1  -1  -1
12  3  -1  11  6  -1  10  9  -1  -1  -1  -1  72  67  34  33  22  21  20  -1  -1  -1  24  -1  32  31  30  29  -1  -1  -1  -1  -1  -1  46  37  -1  45  44  43  42  -1  -1  -1  -1  -1  66  57  54  53  52  -1  -1  -1  56  -1  -1  65  64  63  62  -1  -1  -1  -1  -1  -1  71  70  -1  -1  -1  -1
0.6377800107002258  1.0116634368896484  -2.0  0.035273000597953796  1.012071967124939  -2.0  1.0177785158157349  0.02950650081038475  -2.0  -2.0  -2.0  -2.0  3.5367870330810547  1.0486985445022583  1.3099949359893799  1.0393540859222412  0.7989469766616821  0.3764215111732483  0.20573200285434723  -2.0  -2.0  -2.0  0.9738965034484863  -2.0  0.027168501168489456  2.1137523651123047  0.10886350274085999  1.012882947921753  -2.0  -2.0  -2.0  -2.0  -2.0  -2.0  0.20512250065803528  0.9837819933891296  -2.0  1.0121190547943115  1.0105990171432495  1.4063055515289307  0.16128799319267273  -2.0  -2.0  -2.0  -2.0  -2.0  2.3285365104675293  1.5037879943847656  0.21505048871040344  1.3656350374221802  0.02536049857735634  -2.0  -2.0  -2.0  0.09222449362277985  -2.0  -2.0  0.9044855237007141  2.1676619052886963  0.01763550005853176  0.21736149489879608  -2.0  -2.0  -2.0  -2.0  -2.0  -2.0  1.614250898361206  0.2540630102157593  -2.0  -2.0  -2.0  -2.0
0  2  -1  3  2  -1  2  3  -1  -1  -1  -1  0  2  1  2  1  4  3  -1  -1  -1  2  -1  4  0  3  2  -1  -1  -1  -1  -1  -1  3  2  -1  2  2  1  3  -1  -1  -1  -1  -1  0  1  3  1  4  -1  -1  -1  4  -1  -1  4  1  4  3  -1  -1  -1  -1  -1  -1  1  4  -1  -1  -1  -1
0  0  0  0  0  1  0  0  0  1  0  0  0  0  0  0  0  0  0  1  0  0  0  0  0  0  0  0  1  0  1  0  1  0  0  0  0  0  0  0  0  1  0  1  0  1  0  0  0  0  0  0  1  0  0  0  1  0  0  0  0  1  0  0  1  1  1  0  0  0  1  1  0
1 
1  2  3  4  -1  -1  -1  8  9  -1  -1  12  -1  14  15  16  17  -1  -1  20  21  22  -1  -1  -1  26  -1  28  29  -1  31  -1  -1  -1  35  -1  37  -1  -1  40  41  42  43  44  -1  -1  -1  48  49  50  -1  -1  -1  -1  -1  56  57  -1  -1  60  -1  62  -1  -1  65  66  67  68  -1  70  -1  -1  -1  74  -1  -1  77  78  -1  -1  81  82  -1  84  -1  -1  87  -1  89  90  -1  -1  -1
64  7  6  5  -1  -1  -1  11  10  -1  -1  13  -1  39  34  19  18  -1  -1  25  24  23  -1  -1  -1  27  -1  33  30  -1  32  -1  -1  -1  36  -1  38  -1  -1  55  54  47  46  45  -1  -1  -1  53  52  51  -1  -1  -1  -1  -1  59  58  -1  -1  61  -1  63  -1  -1  76  73  72  69  -1  71  -1  -1  -1  75  -1  -1  80  79  -1  -1  86  83  -1  85  -1  -1  88  -1  92  91  -1  -1  -1
0.24460649490356445  0.5308600068092346  0.06308150291442871  0.062307000160217285  -2.0  -2.0  -2.0  0.6373180150985718  0.6326019763946533  -2.0  -2.0  0.983658492565155  -2.0  0.20645000040531158  1.0206555128097534  0.1153545007109642  0.11422500014305115  -2.0  -2.0  1.301535964012146  0.9972845315933228  0.10428749769926071  -2.0  -2.0  -2.0  1.3234715461730957  -2.0  1.4552679061889648  1.3939459323883057  -2.0  1.4287574291229248  -2.0  -2.0  -2.0  1.2189074754714966  -2.0  1.0478155612945557  -2.0  -2.0  1.0388779640197754  0.13078700006008148  1.0220460891723633  0.2179735004901886  0.9996020197868347  -2.0  -2.0  -2.0  0.24946549534797668  1.0331289768218994  1.1867095232009888  -2.0  -2.0  -2.0  -2.0  -2.0  0.21435749530792236  1.0517244338989258  -2.0  -2.0  0.11348950117826462  -2.0  0.1901094913482666  -2.0  -2.0  0.9991379976272583  0.8852519989013672  1.0554900169372559  0.10009050369262695  -2.0  0.12547649443149567  -2.0  -2.0  -2.0  0.4374135136604309  -2.0  -2.0  1.155385971069336  0.1900174915790558  -2.0  -2.0  0.24105051159858704  1.0275089740753174  -2.0  1.0286585092544556  -2.0  -2.0  1.022017478942871  -2.0  1.5607414245605469  1.041515588760376  -2.0  -2.0  -2.0
4  1  4  4  -1  -1  -1  0  1  -1  -1  2  -1  3  2  3  3  -1  -1  1  2  4  -1  -1  -1  1  -1  1  0  -1  1  -1  -1  -1  0  -1  2  -1  -1  2  4  2  3  2  -1  -1  -1  3  2  1  -1  -1  -1  -1  -1  3  2  -1  -1  4  -1  4  -1  -1  0  4  2  3  -1  3  -1  -1  -1  0  -1  -1  0  3  -1  -1  3  2  -1  2  -1  -1  2  -1  1  2  -1  -1  -1
0  0  0  0  0  1  0  0  0  1  0  0  0  0  0  0  0  1  0  0  0  0  1  0  1  0  0  0  0  0  0  1  0  1  0  0  0  1  0  0  0  0  0  0  0  1  0  0  0  0  1  0  1  1  1  0  0  1  0  0  0  0  1  0  0  0  0  0  0  0  1  0  1  0  1  0  0  0  1  0  0  0  1  0  0  1  0  0  0  0  1  0  1
1 
1  2  -1  4  5  -1  -1  -1  9  10  11  -1  -1  14  15  -1  17  -1  19  20  21  -1  -1  -1  -1  26  -1  28  -1  -1  31  32  33  -1  -1  36  37  38  -1  -1  -1  42  43  44  -1  -1  -1  48  -1  50  51  -1  -1  -1  -1
8  3  -1  7  6  -1  -1  -1  30  13  12  -1  -1  25  16  -1  18  -1  24  23  22  -1  -1  -1  -1  27  -1  29  -1  -1  54  35  34  -1  -1  41  40  39  -1  -1  -1  47  46  45  -1  -1  -1  49  -1  53  52  -1  -1  -1  -1
0.5917930006980896  0.0161920003592968  -2.0  0.05010650306940079  0.04977450147271156  -2.0  -2.0  -2.0  0.12226999551057816  0.016124999150633812  1.564466953277588  -2.0  -2.0  0.20645000040531158  0.019620999693870544  -2.0  0.11403100192546844  -2.0  1.5447934865951538  1.3055294752120972  1.0292654037475586  -2.0  -2.0  -2.0  -2.0  2.4787585735321045  -2.0  1.0584404468536377  -2.0  -2.0  1.3046754598617554  0.9991379976272583  0.9235180616378784  -2.0  -2.0  1.5864698886871338  0.16129949688911438  1.0033559799194336  -2.0  -2.0  -2.0  1.7367780208587646  1.759052038192749  0.14529949426651  -2.0  -2.0  -2.0  1.5953149795532227  -2.0  2.1935153007507324  0.22451899945735931  -2.0  -2.0  -2.0  -2.0
0  1  -1  1  1  -1  -1  -1  4  4  1  -1  -1  3  4  -1  3  -1  0  0  2  -1  -1  -1  -1  0  -1  2  -1  -1  4  0  1  -1  -1  1  4  2  -1  -1  -1  0  1  3  -1  -1  -1  1  -1  0  3  -1  -1  -1  -1
0  0  1  0  0  0  1  0  0  0  0  1  0  0  0  0  0  0  0  0  0  1  0  0  1  0  0  0  1  0  0  0  0  0  1  0  0  0  0  1  1  0  0  0  1  0  1  0  0  0  0  1  0  1  0
