1 
1  2  -1  4  5  6  -1  8  9  10  -1  -1  13  14  -1  -1  -1  -1  -1  20  21  -1  23  24  25  26  27  28  -1  -1  31  32  33  -1  -1  -1  37  38  -1  -1  -1  42  -1  -1  45  -1  47  48  -1  -1  -1  52  53  54  55  -1  -1  -1  59  60  -1  -1  -1  -1  -1  66  -1  68  -1  70  71  -1  73  -1  75  76  -1  -1  -1  80  -1  -1  83  84  85  -1  87  88  -1  -1  -1  -1  93  -1  95  -1  97  -1  99  100  101  102  -1  -1  -1  106  107  -1  -1  110  111  -1  -1  -1  115  -1  117  -1  -1
82  3  -1  19  18  7  -1  17  12  11  -1  -1  16  15  -1  -1  -1  -1  -1  65  22  -1  64  51  44  41  30  29  -1  -1  36  35  34  -1  -1  -1  40  39  -1  -1  -1  43  -1  -1  46  -1  50  49  -1  -1  -1  63  58  57  56  -1  -1  -1  62  61  -1  -1  -1  -1  -1  67  -1  69  -1  79  72  -1  74  -1  78  77  -1  -1  -1  81  -1  -1  92  91  86  -1  90  89  -1  -1  -1  -1  94  -1  96  -1  98  -1  114  105  104  103  -1  -1  -1  109  108  -1  -1  113  112  -1  -1  -1  116  -1  118  -1  -1
2.0945096015930176  2.9405131340026855  -2.0  1.0059404373168945  1.0563945770263672  0.7402650117874146  -2.0  1.0053129196166992  1.6579499244689941  1.1656439304351807  -2.0  -2.0  0.9905315041542053  20.152542114257812  -2.0  -2.0  -2.0  -2.0  -2.0  1.0249724388122559  0.5403169989585876  -2.0  2.0774245262145996  22.849929809570312  1.9428975582122803  61.706539154052734  1.6507899761199951  11.811504364013672  -2.0  -2.0  1.0203330516815186  0.8273990154266357  22.20864486694336  -2.0  -2.0  -2.0  0.21393050253391266  1.6984189748764038  -2.0  -2.0  -2.0  13.680109024047852  -2.0  -2.0  1.008601427078247  -2.0  1.4346444606781006  1.9676614999771118  -2.0  -2.0  -2.0  1.0894360542297363  0.009692499414086342  1.018149495124817  0.9933894872665405  -2.0  -2.0  -2.0  1.0069670677185059  0.16387499868869781  -2.0  -2.0  -2.0  -2.0  -2.0  1.6620734930038452  -2.0  8.266069412231445  -2.0  3.0805184841156006  1.0254249572753906  -2.0  34.282936096191406  -2.0  1.0311155319213867  2.0264220237731934  -2.0  -2.0  -2.0  0.2763344943523407  -2.0  -2.0  0.7641525268554688  29.258907318115234  7.490453720092773  -2.0  0.6538364887237549  2.535975456237793  -2.0  -2.0  -2.0  -2.0  0.652666449546814  -2.0  8.199287414550781  -2.0  8.890647888183594  -2.0  1.8220765590667725  1.0041275024414062  2.8381450176239014  1.0509569644927979  -2.0  -2.0  -2.0  0.15358000993728638  0.9792799949645996  -2.0  -2.0  1.661592960357666  13.795612335205078  -2.0  -2.0  -2.0  1.9692635536193848  -2.0  2.5565345287323  -2.0  -2.0
6  8  -1  2  5  0  -1  2  6  1  -1  -1  2  8  -1  -1  -1  -1  -1  5  0  -1  6  8  6  7  6  8  -1  -1  5  1  7  -1  -1  -1  3  0  -1  -1  -1  8  -1  -1  2  -1  0  6  -1  -1  -1  2  4  5  5  -1  -1  -1  5  3  -1  -1  -1  -1  -1  6  -1  8  -1  0  5  -1  7  -1  2  0  -1  -1  -1  3  -1  -1  1  8  8  -1  1  6  -1  -1  -1  -1  0  -1  8  -1  8  -1  1  2  6  5  -1  -1  -1  3  5  -1  -1  0  8  -1  -1  -1  1  -1  6  -1  -1
0  0  0  0  0  0  0  0  0  0  1  0  0  0  1  0  1  0  0  0  0  0  0  0  0  0  0  0  1  0  0  0  0  1  0  1  0  0  1  0  1  0  0  1  0  0  0  0  0  1  1  0  0  0  0  1  0  1  0  0  1  0  1  0  0  0  0  0  0  0  0  0  0  1  0  0  0  1  1  0  0  1  0  0  0  0  0  0  0  1  0  1  0  0  0  1  0  0  0  0  0  0  1  0  0  0  0  1  0  0  0  0  1  1  0  0  0  0  1
1 
1  2  3  -1  -1  6  -1  8  -1  -1  11  12  13  14  -1  -1  -1  -1  19  -1  21  22  -1  -1  25  26  27  -1  29  -1  -1  32  33  -1  35  36  -1  -1  39  -1  41  -1  -1  44  45  -1  -1  -1  49  -1  51  52  -1  54  -1  -1  57  58  -1  60  61  -1  -1  64  65  -1  -1  68  69  -1  -1  72  73  74  -1  76  -1  78  -1  -1  -1  82  83  -1  -1  86  87  88  89  -1  -1  -1  -1  94  95  -1  -1  -1  -1
10  5  4  -1  -1  7  -1  9  -1  -1  18  17  16  15  -1  -1  -1  -1  20  -1  24  23  -1  -1  48  31  28  -1  30  -1  -1  43  34  -1  38  37  -1  -1  40  -1  42  -1  -1  47  46  -1  -1  -1  50  -1  56  53  -1  55  -1  -1  98  59  -1  63  62  -1  -1  67  66  -1  -1  71  70  -1  -1  81  80  75  -1  77  -1  79  -1  -1  -1  85  84  -1  -1  93  92  91  90  -1  -1  -1  -1  97  96  -1  -1  -1  -1
0.6020900011062622  0.014553999528288841  1.6785640716552734  -2.0  -2.0  0.3162114918231964  -2.0  32.4647216796875  -2.0  -2.0  4.015591144561768  33.9500617980957  1.0146759748458862  1.8043609857559204  -2.0  -2.0  -2.0  -2.0  0.646681547164917  -2.0  0.000818000000435859  32.94573211669922  -2.0  -2.0  32.157562255859375  1.0041184425354004  0.1460604965686798  -2.0  1.0083024501800537  -2.0  -2.0  1.4877965450286865  1.0048065185546875  -2.0  1.3360695838928223  0.20746350288391113  -2.0  -2.0  1.0170650482177734  -2.0  22.12987518310547  -2.0  -2.0  0.25668299198150635  1.6579499244689941  -2.0  -2.0  -2.0  1.3223835229873657  -2.0  0.004111999645829201  1.9247390031814575  -2.0  1.0740265846252441  -2.0  -2.0  1.0742239952087402  32.22605895996094  -2.0  0.9728929996490479  46.82979965209961  -2.0  -2.0  0.9999489784240723  17.176082611083984  -2.0  -2.0  0.17027950286865234  1.0520399808883667  -2.0  -2.0  0.23462149500846863  1.0649104118347168  1.0185105800628662  -2.0  1.8976995944976807  -2.0  36.26782989501953  -2.0  -2.0  -2.0  1.0107135772705078  0.2779349982738495  -2.0  -2.0  2.2125463485717773  3.1189379692077637  1.8866705894470215  48.92580032348633  -2.0  -2.0  -2.0  -2.0  1.562757968902588  47.31193542480469  -2.0  -2.0  -2.0  -2.0
1  1  7  -1  -1  1  -1  8  -1  -1  8  7  2  6  -1  -1  -1  -1  0  -1  4  7  -1  -1  7  5  4  -1  2  -1  -1  0  5  -1  0  3  -1  -1  2  -1  7  -1  -1  3  6  -1  -1  -1  0  -1  4  1  -1  2  -1  -1  5  7  -1  5  7  -1  -1  2  8  -1  -1  3  2  -1  -1  3  2  5  -1  1  -1  7  -1  -1  -1  2  3  -1  -1  0  6  6  7  -1  -1  -1  -1  1  7  -1  -1  -1  -1
0  0  0  1  0  0  0  0  0  1  0  0  0  0  0  1  0  1  0  0  0  0  1  0  0  0  0  1  0  1  0  0  0  0  0  0  1  0  0  0  0  0  1  0  0  0  1  0  0  0  0  0  1  0  0  1  0  0  0  0  0  0  1  0  0  0  1  0  0  1  0  0  0  0  1  0  1  0  0  1  0  0  0  0  1  0  0  0  0  1  0  0  1  0  0  1  0  1  0
1 
1  2  3  4  -1  -1  7  -1  -1  10  -1  -1  13  14  -1  16  -1  18  -1  -1  21  22  23  24  25  -1  -1  -1  -1  30  31  32  33  34  -1  -1  -1  38  39  40  41  42  43  -1  -1  -1  -1  -1  -1  50  51  52  -1  54  -1  -1  -1  58  59  -1  -1  -1  63  64  -1  -1  -1  68  69  -1  71  72  -1  -1  75  76  77  -1  -1  80  -1  82  -1  84  -1  -1  87  -1  -1  90  91  -1  -1  94  95  96  -1  -1  -1  -1  101  -1  103  104  -1  -1  -1
12  9  6  5  -1  -1  8  -1  -1  11  -1  -1  20  15  -1  17  -1  19  -1  -1  100  29  28  27  26  -1  -1  -1  -1  67  62  37  36  35  -1  -1  -1  49  48  47  46  45  44  -1  -1  -1  -1  -1  -1  57  56  53  -1  55  -1  -1  -1  61  60  -1  -1  -1  66  65  -1  -1  -1  89  70  -1  74  73  -1  -1  86  79  78  -1  -1  81  -1  83  -1  85  -1  -1  88  -1  -1  93  92  -1  -1  99  98  97  -1  -1  -1  -1  102  -1  106  105  -1  -1  -1
0.5131285190582275  7.848773002624512  0.014553999528288841  3.8841278553009033  -2.0  -2.0  21.367036819458008  -2.0  -2.0  1.0261540412902832  -2.0  -2.0  0.793159008026123  8.692084312438965  -2.0  0.46480101346969604  -2.0  0.7553600072860718  -2.0  -2.0  61.706539154052734  0.9905315041542053  44.56153869628906  0.19091999530792236  0.16245299577713013  -2.0  -2.0  -2.0  -2.0  1.9864215850830078  1.0497729778289795  1.0040404796600342  6.868208885192871  1.798729419708252  -2.0  -2.0  -2.0  1.6954123973846436  1.0565929412841797  1.8004839420318604  0.027166001498699188  1.013722538948059  1.0212889909744263  -2.0  -2.0  -2.0  -2.0  -2.0  -2.0  1.0194079875946045  1.1622480154037476  20.953508377075195  -2.0  1.1400260925292969  -2.0  -2.0  -2.0  13.66049861907959  1.6904125213623047  -2.0  -2.0  -2.0  17.818721771240234  0.03831150010228157  -2.0  -2.0  -2.0  0.07997199892997742  2.0251474380493164  -2.0  1.4716764688491821  1.1297895908355713  -2.0  -2.0  1.0368934869766235  0.9866759777069092  2.467421531677246  -2.0  -2.0  31.707962036132812  -2.0  0.19913250207901  -2.0  0.2884494960308075  -2.0  -2.0  1.0102405548095703  -2.0  -2.0  0.785707950592041  0.21977999806404114  -2.0  -2.0  0.9911100268363953  13.708606719970703  1.0184829235076904  -2.0  -2.0  -2.0  -2.0  1.0018914937973022  -2.0  2.4897499084472656  2.7133188247680664  -2.0  -2.0  -2.0
1  7  1  8  -1  -1  8  -1  -1  5  -1  -1  0  8  -1  0  -1  0  -1  -1  7  2  7  3  3  -1  -1  -1  -1  6  5  2  8  6  -1  -1  -1  0  2  6  4  0  2  -1  -1  -1  -1  -1  -1  5  1  8  -1  1  -1  -1  -1  8  6  -1  -1  -1  8  4  -1  -1  -1  4  6  -1  0  0  -1  -1  5  5  0  -1  -1  7  -1  3  -1  3  -1  -1  2  -1  -1  1  3  -1  -1  5  8  1  -1  -1  -1  -1  5  -1  1  0  -1  -1  -1
0  0  0  0  0  1  0  0  1  0  0  1  0  0  0  0  0  0  1  0  0  0  0  0  0  0  1  0  1  0  0  0  0  0  0  1  1  0  0  0  0  0  0  1  0  1  0  1  0  0  0  0  1  0  1  0  1  0  0  0  1  1  0  0  0  1  1  0  0  0  0  0  1  0  0  0  0  1  0  0  1  0  1  0  0  1  0  1  0  0  0  1  0  0  0  0  1  0  1  1  0  1  0  0  0  1  0
1 
1  2  -1  4  5  -1  7  -1  9  10  11  12  13  14  -1  16  -1  -1  19  20  21  -1  -1  -1  -1  -1  27  -1  29  30  31  -1  -1  -1  35  36  -1  -1  -1  -1  41  42  43  44  -1  46  -1  -1  -1  -1  -1  52  -1  54  -1  56  -1  -1  59  60  61  -1  -1  64  -1  66  67  -1  -1  70  71  -1  -1  74  -1  76  -1  -1  79  80  -1  82  -1  84  85  -1  87  88  89  -1  -1  -1  -1  94  95  -1  97  -1  -1  100  101  -1  -1  -1  105  106  -1  -1  -1
58  3  -1  51  6  -1  8  -1  40  39  26  25  18  15  -1  17  -1  -1  24  23  22  -1  -1  -1  -1  -1  28  -1  34  33  32  -1  -1  -1  38  37  -1  -1  -1  -1  50  49  48  45  -1  47  -1  -1  -1  -1  -1  53  -1  55  -1  57  -1  -1  78  63  62  -1  -1  65  -1  69  68  -1  -1  73  72  -1  -1  75  -1  77  -1  -1  104  81  -1  83  -1  93  86  -1  92  91  90  -1  -1  -1  -1  99  96  -1  98  -1  -1  103  102  -1  -1  -1  108  107  -1  -1  -1
0.028136998414993286  11.347743034362793  -2.0  1.0550475120544434  0.6759699583053589  -2.0  2.468120574951172  -2.0  0.2898939847946167  2.102074384689331  0.22996249794960022  2.583646059036255  23.629119873046875  1.9428975582122803  -2.0  1.9838625192642212  -2.0  -2.0  0.013776000589132309  27.160310745239258  1.1695189476013184  -2.0  -2.0  -2.0  -2.0  -2.0  22.92529296875  -2.0  1.0190579891204834  1.0057170391082764  2.563887119293213  -2.0  -2.0  -2.0  39.82695007324219  0.019534999504685402  -2.0  -2.0  -2.0  -2.0  2.0276410579681396  0.33484700322151184  1.4691035747528076  1.039520025253296  -2.0  0.015460999682545662  -2.0  -2.0  -2.0  -2.0  -2.0  0.9973450303077698  -2.0  33.681270599365234  -2.0  2.198988437652588  -2.0  -2.0  0.8363335132598877  0.41651150584220886  29.258907318115234  -2.0  -2.0  1.6737430095672607  -2.0  0.04374000057578087  0.03225550055503845  -2.0  -2.0  0.04396349936723709  0.04154600203037262  -2.0  -2.0  6.535148620605469  -2.0  2.739861488342285  -2.0  -2.0  1.0365655422210693  0.10593900084495544  -2.0  1.6579499244689941  -2.0  1.012183427810669  0.06688900291919708  -2.0  21.799440383911133  10.783598899841309  0.9955204725265503  -2.0  -2.0  -2.0  -2.0  1.0200474262237549  1.0057929754257202  -2.0  10.679350852966309  -2.0  -2.0  1.735569953918457  31.272289276123047  -2.0  -2.0  -2.0  13.850118637084961  0.1960265040397644  -2.0  -2.0  -2.0
4  7  -1  5  0  -1  8  -1  3  6  3  1  8  6  -1  6  -1  -1  4  7  0  -1  -1  -1  -1  -1  7  -1  5  2  0  -1  -1  -1  7  4  -1  -1  -1  -1  1  3  1  2  -1  4  -1  -1  -1  -1  -1  2  -1  7  -1  0  -1  -1  0  0  8  -1  -1  7  -1  4  4  -1  -1  1  1  -1  -1  8  -1  6  -1  -1  5  3  -1  6  -1  5  4  -1  8  8  5  -1  -1  -1  -1  5  2  -1  8  -1  -1  0  7  -1  -1  -1  8  3  -1  -1  -1
0  0  0  0  0  0  0  0  0  0  0  0  0  0  1  0  0  1  0  0  0  1  0  1  1  0  0  0  0  0  0  0  1  1  0  0  0  1  1  0  0  0  0  0  1  0  0  1  0  1  1  0  0  0  1  0  0  1  0  0  0  0  1  0  1  0  0  0  1  0  0  0  1  0  0  0  0  1  0  0  0  0  0  0  0  1  0  0  0  0  1  1  0  0  0  1  0  1  0  0  0  1  0  1  0  0  1  0  0
1 
1  2  3  -1  5  -1  -1  -1  9  10  11  12  -1  14  15  16  17  18  -1  -1  -1  22  -1  -1  25  26  -1  -1  29  -1  31  -1  -1  34  -1  36  -1  38  -1  -1  41  -1  43  -1  45  46  47  -1  49  -1  51  52  53  54  55  -1  -1  -1  -1  -1  -1  62  -1  -1  -1  66  67  -1  69  -1  71  72  -1  -1  -1  -1  77  -1  79  -1  -1
8  7  4  -1  6  -1  -1  -1  76  65  40  13  -1  33  24  21  20  19  -1  -1  -1  23  -1  -1  28  27  -1  -1  30  -1  32  -1  -1  35  -1  37  -1  39  -1  -1  42  -1  44  -1  64  61  48  -1  50  -1  60  59  58  57  56  -1  -1  -1  -1  -1  -1  63  -1  -1  -1  75  68  -1  70  -1  74  73  -1  -1  -1  -1  78  -1  80  -1  -1
0.6551594734191895  8.692084312438965  5.812258720397949  -2.0  0.045563001185655594  -2.0  -2.0  -2.0  1.0563945770263672  23.670978546142578  0.22732749581336975  0.9699825048446655  -2.0  1.060163974761963  1.0123684406280518  2.121471405029297  18.47149658203125  21.065006256103516  -2.0  -2.0  -2.0  0.9995864629745483  -2.0  -2.0  9.151226043701172  7.397713661193848  -2.0  -2.0  0.20549049973487854  -2.0  1.8537280559539795  -2.0  -2.0  1.061392068862915  -2.0  1.7952170372009277  -2.0  1.0683624744415283  -2.0  -2.0  0.8772125244140625  -2.0  1.2549524307250977  -2.0  60.12237548828125  1.0427240133285522  0.22882549464702606  -2.0  0.0008224999764934182  -2.0  11.946060180664062  11.88595199584961  2.145343542098999  0.13243399560451508  2.079379081726074  -2.0  -2.0  -2.0  -2.0  -2.0  -2.0  0.28140050172805786  -2.0  -2.0  -2.0  0.2099515050649643  0.010075999423861504  -2.0  1.015408992767334  -2.0  30.234516143798828  1.8621145486831665  -2.0  -2.0  -2.0  -2.0  1.0074725151062012  -2.0  0.23475149273872375  -2.0  -2.0
0  8  8  -1  1  -1  -1  -1  5  8  3  2  -1  2  5  1  7  8  -1  -1  -1  5  -1  -1  8  8  -1  -1  3  -1  1  -1  -1  2  -1  1  -1  2  -1  -1  1  -1  0  -1  7  5  3  -1  4  -1  8  8  0  4  0  -1  -1  -1  -1  -1  -1  3  -1  -1  -1  3  4  -1  2  -1  8  0  -1  -1  -1  -1  2  -1  3  -1  -1
0  0  0  0  0  1  0  1  0  0  0  0  0  0  0  0  0  0  1  0  1  0  1  0  0  0  1  0  0  1  0  1  0  0  0  0  1  0  0  1  0  0  0  0  0  0  0  0  0  0  0  0  0  0  0  1  0  0  1  0  1  0  0  1  0  0  0  0  0  1  0  0  0  1  1  1  0  0  0  0  1
1 
1  2  3  -1  5  -1  -1  -1  9  -1  11  12  13  -1  -1  16  17  18  -1  20  21  -1  23  -1  -1  26  27  -1  29  -1  -1  -1  -1  34  35  36  37  -1  -1  40  -1  -1  43  44  -1  46  47  -1  -1  50  -1  52  53  -1  -1  -1  57  58  -1  60  -1  -1  63  -1  65  -1  -1  68  -1  -1  71  72  73  -1  -1  76  -1  -1  79  80  81  -1  -1  84  -1  86  -1  -1  -1
8  7  4  -1  6  -1  -1  -1  10  -1  70  15  14  -1  -1  33  32  19  -1  25  22  -1  24  -1  -1  31  28  -1  30  -1  -1  -1  -1  67  42  39  38  -1  -1  41  -1  -1  56  45  -1  49  48  -1  -1  51  -1  55  54  -1  -1  -1  62  59  -1  61  -1  -1  64  -1  66  -1  -1  69  -1  -1  78  75  74  -1  -1  77  -1  -1  88  83  82  -1  -1  85  -1  87  -1  -1  -1
4.9027252197265625  1.8284469842910767  17.357715606689453  -2.0  0.21763449907302856  -2.0  -2.0  -2.0  0.41561049222946167  -2.0  23.670978546142578  0.702252984046936  1.8582475185394287  -2.0  -2.0  1.4417710304260254  1.076582908630371  0.9839484691619873  -2.0  2.623542308807373  0.29478949308395386  -2.0  1.2049750089645386  -2.0  -2.0  0.9978615045547485  1.1311395168304443  -2.0  1.2127275466918945  -2.0  -2.0  -2.0  -2.0  2.5411014556884766  1.0058214664459229  1.706108570098877  35.39488983154297  -2.0  -2.0  6.92291259765625  -2.0  -2.0  1.8308709859848022  1.4496290683746338  -2.0  1.3223835229873657  1.0277589559555054  -2.0  -2.0  2.2057223320007324  -2.0  33.444026947021484  0.19448049366474152  -2.0  -2.0  -2.0  36.30361557006836  1.036564588546753  -2.0  0.07619699835777283  -2.0  -2.0  5.782000541687012  -2.0  1.6764295101165771  -2.0  -2.0  0.0020759999752044678  -2.0  -2.0  1.0121824741363525  0.028758499771356583  0.1278190016746521  -2.0  -2.0  1.0876994132995605  -2.0  -2.0  46.66925811767578  0.01961600035429001  0.4476724863052368  -2.0  -2.0  2.10554838180542  -2.0  2.9196290969848633  -2.0  -2.0  -2.0
8  0  7  -1  3  -1  -1  -1  0  -1  8  0  6  -1  -1  1  5  2  -1  6  3  -1  1  -1  -1  5  1  -1  1  -1  -1  -1  -1  0  2  6  7  -1  -1  8  -1  -1  1  1  -1  0  5  -1  -1  6  -1  7  3  -1  -1  -1  7  2  -1  4  -1  -1  8  -1  6  -1  -1  4  -1  -1  5  4  3  -1  -1  0  -1  -1  8  4  3  -1  -1  6  -1  6  -1  -1  -1
0  0  0  0  0  1  0  1  0  0  0  0  0  0  1  0  0  0  0  0  0  1  0  0  1  0  0  1  0  0  1  0  0  0  0  0  0  1  0  0  1  0  0  0  0  0  0  1  0  0  1  0  0  1  0  1  0  0  1  0  0  1  0  1  0  1  0  0  0  1  0  0  0  0  1  0  1  0  0  0  0  0  1  0  1  0  0  1  1
1 
1  2  3  4  -1  6  -1  -1  -1  10  11  12  -1  -1  15  -1  17  -1  -1  -1  21  22  23  -1  -1  -1  27  28  -1  30  -1  -1  33  34  35  36  37  -1  39  40  -1  42  -1  -1  45  46  -1  48  -1  -1  -1  52  -1  -1  55  -1  57  58  -1  -1  61  62  -1  -1  65  66  -1  -1  -1  70  -1  72  73  -1  75  -1  77  78  79  80  81  82  -1  84  -1  -1  87  88  -1  -1  -1  92  93  -1  -1  -1  -1  -1  99  100  -1  -1  -1  -1  -1
20  9  8  5  -1  7  -1  -1  -1  19  14  13  -1  -1  16  -1  18  -1  -1  -1  26  25  24  -1  -1  -1  32  29  -1  31  -1  -1  104  69  54  51  38  -1  44  41  -1  43  -1  -1  50  47  -1  49  -1  -1  -1  53  -1  -1  56  -1  60  59  -1  -1  64  63  -1  -1  68  67  -1  -1  -1  71  -1  103  74  -1  76  -1  98  97  96  91  86  83  -1  85  -1  -1  90  89  -1  -1  -1  95  94  -1  -1  -1  -1  -1  102  101  -1  -1  -1  -1  -1
0.11881950497627258  6.4003705978393555  1.0013304948806763  5.8330841064453125  -2.0  0.03646250069141388  -2.0  -2.0  -2.0  0.1460604965686798  18.20730972290039  0.10440400242805481  -2.0  -2.0  23.004179000854492  -2.0  1.0198830366134644  -2.0  -2.0  -2.0  0.6029654741287231  1.9913790225982666  1.9075119495391846  -2.0  -2.0  -2.0  0.6862964630126953  0.9199949502944946  -2.0  2.34553599357605  -2.0  -2.0  1.0648374557495117  0.229467511177063  18.025144577026367  1.066596508026123  2.6322450637817383  -2.0  1.6578989028930664  1.1713149547576904  -2.0  1.0047980546951294  -2.0  -2.0  1.5772584676742554  0.023284999653697014  -2.0  0.025239000096917152  -2.0  -2.0  -2.0  1.0683624744415283  -2.0  -2.0  0.9992899894714355  -2.0  25.831012725830078  1.1656814813613892  -2.0  -2.0  0.010114999487996101  22.01169204711914  -2.0  -2.0  1.9692745208740234  1.7991260290145874  -2.0  -2.0  -2.0  1.5009615421295166  -2.0  1.0497729778289795  0.0008999999845400453  -2.0  0.22996599972248077  -2.0  1.0514580011367798  2.6768741607666016  38.47846603393555  1.0396959781646729  39.03117370605469  0.03266949951648712  -2.0  0.24389350414276123  -2.0  -2.0  44.00021743774414  0.005301499739289284  -2.0  -2.0  -2.0  2.3093533515930176  5.581141948699951  -2.0  -2.0  -2.0  -2.0  -2.0  2.6762800216674805  27.16997528076172  -2.0  -2.0  -2.0  -2.0  -2.0
3  8  0  8  -1  1  -1  -1  -1  4  7  3  -1  -1  8  -1  2  -1  -1  -1  1  6  6  -1  -1  -1  0  1  -1  6  -1  -1  5  3  8  2  8  -1  6  1  -1  5  -1  -1  0  4  -1  4  -1  -1  -1  2  -1  -1  5  -1  7  0  -1  -1  4  8  -1  -1  0  0  -1  -1  -1  0  -1  5  4  -1  3  -1  2  0  8  2  7  4  -1  3  -1  -1  7  4  -1  -1  -1  1  8  -1  -1  -1  -1  -1  0  8  -1  -1  -1  -1  -1
0  0  0  0  0  0  1  0  1  0  0  0  1  0  0  1  0  1  0  0  0  0  0  0  1  0  0  0  0  0  0  1  0  0  0  0  0  0  0  0  1  0  1  0  0  0  1  0  0  1  1  0  0  1  0  1  0  0  1  0  0  0  0  1  0  0  1  0  1  0  0  0  0  0  0  0  0  0  0  0  0  0  1  0  1  0  0  0  1  0  1  0  0  1  0  1  0  1  0  0  1  0  1  0  0
1 
1  2  3  -1  -1  6  -1  8  9  -1  11  12  -1  14  -1  -1  17  -1  19  20  -1  -1  23  -1  25  -1  -1  28  29  30  31  -1  33  34  -1  36  -1  38  -1  -1  -1  42  43  -1  -1  46  47  48  49  -1  -1  -1  -1  54  -1  -1  57  -1  59  -1  -1  62  -1  -1  65  66  -1  68  -1  -1  71  72  -1  -1  75  76  -1  78  79  80  -1  82  -1  -1  -1  86  -1  -1  -1
64  5  4  -1  -1  7  -1  27  10  -1  16  13  -1  15  -1  -1  18  -1  22  21  -1  -1  24  -1  26  -1  -1  61  56  41  32  -1  40  35  -1  37  -1  39  -1  -1  -1  45  44  -1  -1  53  52  51  50  -1  -1  -1  -1  55  -1  -1  58  -1  60  -1  -1  63  -1  -1  70  67  -1  69  -1  -1  74  73  -1  -1  88  77  -1  85  84  81  -1  83  -1  -1  -1  87  -1  -1  -1
2.1393074989318848  3.027059555053711  0.9060530066490173  -2.0  -2.0  0.9804080128669739  -2.0  1.0100339651107788  8.560256958007812  -2.0  1.7591630220413208  1.0225980281829834  -2.0  0.8740429878234863  -2.0  -2.0  0.6201034784317017  -2.0  1.7649259567260742  1.0215380191802979  -2.0  -2.0  27.509014129638672  -2.0  26.809236526489258  -2.0  -2.0  1.0742239952087402  2.684915542602539  1.4397354125976562  1.0107190608978271  -2.0  0.11878599971532822  1.7008570432662964  -2.0  1.0580195188522339  -2.0  0.054301999509334564  -2.0  -2.0  -2.0  32.170143127441406  1.4680269956588745  -2.0  -2.0  1.9280099868774414  1.7455079555511475  48.861698150634766  0.008601999841630459  -2.0  -2.0  -2.0  -2.0  0.32275497913360596  -2.0  -2.0  65.11932373046875  -2.0  65.89688873291016  -2.0  -2.0  0.7596980333328247  -2.0  -2.0  0.8363335132598877  29.258907318115234  -2.0  2.2442705631256104  -2.0  -2.0  19.905630111694336  1.007290005683899  -2.0  -2.0  1.0581564903259277  2.231114387512207  -2.0  1.0140069723129272  1.0575045347213745  0.24518150091171265  -2.0  0.13804499804973602  -2.0  -2.0  -2.0  2.8700408935546875  -2.0  -2.0  -2.0
6  8  1  -1  -1  2  -1  5  7  -1  6  2  -1  1  -1  -1  0  -1  6  2  -1  -1  8  -1  7  -1  -1  5  0  1  5  -1  3  6  -1  5  -1  3  -1  -1  -1  7  1  -1  -1  1  6  7  4  -1  -1  -1  -1  3  -1  -1  7  -1  7  -1  -1  0  -1  -1  0  8  -1  6  -1  -1  7  5  -1  -1  2  6  -1  5  2  3  -1  4  -1  -1  -1  6  -1  -1  -1
0  0  0  0  1  0  0  0  0  0  0  0  1  0  0  1  0  0  0  0  0  1  0  1  0  0  1  0  0  0  0  0  0  0  0  0  1  0  1  0  1  0  0  0  1  0  0  0  0  0  1  0  0  0  1  0  0  1  0  0  1  0  1  0  0  0  0  0  0  1  0  0  0  1  0  0  0  0  0  0  1  0  1  0  0  0  0  1  1
1 
1  2  3  4  -1  6  -1  -1  -1  10  -1  12  13  -1  -1  -1  17  18  19  20  21  -1  23  24  25  -1  -1  -1  -1  30  -1  -1  33  34  35  -1  -1  38  -1  40  -1  -1  -1  44  45  46  47  48  49  -1  51  -1  -1  54  -1  -1  57  58  -1  -1  -1  -1  63  64  -1  66  67  -1  -1  -1  -1  72  73  74  -1  76  77  -1  -1  80  81  -1  -1  -1  -1  86  -1  -1  89  90  91  92  -1  94  95  -1  -1  -1  99  100  -1  -1  -1  -1  105  -1  107  108  -1  110  -1  112  -1  -1  -1
16  9  8  5  -1  7  -1  -1  -1  11  -1  15  14  -1  -1  -1  88  43  32  29  22  -1  28  27  26  -1  -1  -1  -1  31  -1  -1  42  37  36  -1  -1  39  -1  41  -1  -1  -1  71  62  61  56  53  50  -1  52  -1  -1  55  -1  -1  60  59  -1  -1  -1  -1  70  65  -1  69  68  -1  -1  -1  -1  85  84  75  -1  79  78  -1  -1  83  82  -1  -1  -1  -1  87  -1  -1  104  103  98  93  -1  97  96  -1  -1  -1  102  101  -1  -1  -1  -1  106  -1  114  109  -1  111  -1  113  -1  -1  -1
0.5306334495544434  1.0463440418243408  0.014553999528288841  1.824841022491455  -2.0  3.8841278553009033  -2.0  -2.0  -2.0  0.044386498630046844  -2.0  1.0511815547943115  0.41092449426651  -2.0  -2.0  -2.0  0.25869297981262207  1.0055599212646484  1.0026569366455078  1.0404634475708008  0.9660109877586365  -2.0  0.23176848888397217  0.007011000066995621  1.6806520223617554  -2.0  -2.0  -2.0  -2.0  0.9910305142402649  -2.0  -2.0  31.916780471801758  1.0671864748001099  0.8705340027809143  -2.0  -2.0  1.0035854578018188  -2.0  1.7333710193634033  -2.0  -2.0  -2.0  2.1128854751586914  1.027006983757019  0.11144299805164337  1.9428975582122803  1.0146559476852417  41.23528289794922  -2.0  0.004516500048339367  -2.0  -2.0  1.015395998954773  -2.0  -2.0  1.9910099506378174  1.0164780616760254  -2.0  -2.0  -2.0  -2.0  1.790758490562439  1.0333430767059326  -2.0  47.79806900024414  20.582805633544922  -2.0  -2.0  -2.0  -2.0  2.0911760330200195  14.335905075073242  3.346360206604004  -2.0  0.9950069785118103  3.518929958343506  -2.0  -2.0  1.4417799711227417  7.510007858276367  -2.0  -2.0  -2.0  -2.0  0.9889054894447327  -2.0  -2.0  2.292901039123535  0.4172214865684509  1.0731890201568604  0.9918515086174011  -2.0  0.008276999928057194  23.187543869018555  -2.0  -2.0  -2.0  22.050710678100586  4.564823150634766  -2.0  -2.0  -2.0  -2.0  0.014100000262260437  -2.0  0.031217999756336212  13.683355331420898  -2.0  1.0081665515899658  -2.0  2.5352020263671875  -2.0  -2.0  -2.0
0  5  1  6  -1  8  -1  -1  -1  1  -1  5  0  -1  -1  -1  3  2  2  5  2  -1  4  4  6  -1  -1  -1  -1  2  -1  -1  7  1  1  -1  -1  2  -1  0  -1  -1  -1  6  5  4  6  5  7  -1  4  -1  -1  5  -1  -1  6  5  -1  -1  -1  -1  6  5  -1  7  8  -1  -1  -1  -1  0  8  8  -1  5  6  -1  -1  0  8  -1  -1  -1  -1  5  -1  -1  0  3  2  5  -1  4  8  -1  -1  -1  8  6  -1  -1  -1  -1  4  -1  4  8  -1  5  -1  0  -1  -1  -1
0  0  0  0  0  0  0  1  0  0  1  0  0  0  1  0  0  0  0  0  0  0  0  0  0  1  0  1  0  0  0  1  0  0  0  0  1  0  1  0  0  1  0  0  0  0  0  0  0  1  0  0  1  0  0  1  0  0  0  1  1  0  0  0  0  0  0  0  1  1  1  0  0  0  0  0  0  0  1  0  0  1  0  1  0  0  0  1  0  0  0  0  1  0  0  0  1  0  0  0  0  1  1  1  0  1  0  0  0  0  1  0  1  0  1
1 
1  2  -1  4  5  6  7  8  9  -1  -1  12  -1  14  15  16  17  -1  -1  -1  -1  22  -1  24  25  -1  -1  28  -1  30  -1  -1  33  -1  -1  36  -1  38  39  40  -1  -1  43  44  -1  -1  -1  -1  -1  50  51  52  53  -1  55  56  57  -1  -1  -1  61  -1  -1  64  -1  -1  -1  -1  69  70  71  -1  73  -1  -1  76  77  -1  79  -1  -1  -1  83  84  85  86  87  -1  -1  90  91  -1  -1  -1  95  -1  -1  98  99  -1  101  -1  103  -1  -1  -1  107  -1  109  -1  -1
68  3  -1  49  48  35  32  11  10  -1  -1  13  -1  21  20  19  18  -1  -1  -1  -1  23  -1  27  26  -1  -1  29  -1  31  -1  -1  34  -1  -1  37  -1  47  42  41  -1  -1  46  45  -1  -1  -1  -1  -1  67  66  63  54  -1  60  59  58  -1  -1  -1  62  -1  -1  65  -1  -1  -1  -1  82  75  72  -1  74  -1  -1  81  78  -1  80  -1  -1  -1  106  97  94  89  88  -1  -1  93  92  -1  -1  -1  96  -1  -1  105  100  -1  102  -1  104  -1  -1  -1  108  -1  110  -1  -1
0.03045399859547615  10.673871994018555  -2.0  1.8542909622192383  1.075272560119629  0.2343449890613556  0.028078000992536545  12.889720916748047  8.373355865478516  -2.0  -2.0  0.6817830204963684  -2.0  1.010329008102417  0.9834010004997253  1.0061984062194824  1.0045130252838135  -2.0  -2.0  -2.0  -2.0  0.11689150333404541  -2.0  0.9987820386886597  21.297550201416016  -2.0  -2.0  27.284313201904297  -2.0  1.0185909271240234  -2.0  -2.0  1.0055065155029297  -2.0  -2.0  1.0040700435638428  -2.0  2.5270028114318848  1.60013747215271  0.006676999852061272  -2.0  -2.0  2.335698127746582  1.6756069660186768  -2.0  -2.0  -2.0  -2.0  -2.0  1.0574164390563965  1.0741134881973267  1.707063913345337  0.5808845162391663  -2.0  1.0616340637207031  1.0081233978271484  0.18675149977207184  -2.0  -2.0  -2.0  34.04590606689453  -2.0  -2.0  2.678537368774414  -2.0  -2.0  -2.0  -2.0  22.243587493896484  8.595319747924805  12.403512001037598  -2.0  0.8618215322494507  -2.0  -2.0  0.14778849482536316  1.0227144956588745  -2.0  1.0339335203170776  -2.0  -2.0  -2.0  1.0373239517211914  1.8452050685882568  1.7544429302215576  25.682340621948242  1.0056254863739014  -2.0  -2.0  0.9922080039978027  0.19114050269126892  -2.0  -2.0  -2.0  0.9956805109977722  -2.0  -2.0  44.427642822265625  0.9729700088500977  -2.0  1.0575045347213745  -2.0  0.18675249814987183  -2.0  -2.0  -2.0  1.0703179836273193  -2.0  35.03279113769531  -2.0  -2.0
4  7  -1  6  5  3  4  7  8  -1  -1  0  -1  5  5  2  2  -1  -1  -1  -1  3  -1  2  7  -1  -1  8  -1  5  -1  -1  2  -1  -1  2  -1  0  1  4  -1  -1  1  6  -1  -1  -1  -1  -1  2  5  1  0  -1  5  2  3  -1  -1  -1  7  -1  -1  0  -1  -1  -1  -1  7  8  7  -1  1  -1  -1  4  2  -1  2  -1  -1  -1  5  0  0  7  2  -1  -1  5  4  -1  -1  -1  5  -1  -1  8  5  -1  2  -1  3  -1  -1  -1  5  -1  7  -1  -1
0  0  0  0  0  0  0  0  0  0  1  0  0  0  0  0  0  1  0  1  1  0  0  0  0  1  0  0  1  0  0  1  0  0  1  0  0  0  0  0  0  1  0  0  1  0  1  1  0  0  0  0  0  0  0  0  0  1  0  1  0  1  0  0  0  1  0  0  0  0  0  0  0  0  1  0  0  1  0  0  1  0  0  0  0  0  0  1  0  0  0  0  1  1  0  1  0  0  0  0  0  1  0  0  1  0  0  0  0  1  0
